4sample2-SETTINGFILE BASE 0 _;
_4sample2-Rec4 0 16 0 0 0 0 0 0 0 0 0 0 0 0 0 0 0 0;
4sample2-s4 0 16 0 0 0 0 0 0 0 0 0 0 0 0 0 0 0 0;
_4sample2-Rec3 0 16 0 0 0 0 0 0 0 0 0 0 0 0 0 0 0 0;
4sample2-s3 0 16 0 0 0 0 0 0 0 0 0 0 0 0 0 0 0 0;
_4sample2-Rec2 0 16 0 0 0 0 0 0 0 0 0 0 0 0 0 0 0 0;
4sample2-s2 0 16 0 0 0 0 0 0 0 0 0 0 0 0 0 0 0 0;
_4sample2-Rec1 0 16 0 0 0 0 0 0 0 0 0 0 0 0 0 0 0 0;
4sample2-s1 0 16 0 0 0 0 0 0 0 0 0 0 0 0 0 0 0 0;
_4sample2-Vitesse 0 16 0 0 0 0 0 0 0 0 0 0 0 0 0 0 0 0;
4sample2-Vitesse 0 16 0 0 0 0 0 0 0 0 0 0 0 0 0 0 0 0;
_4sample2-Phrases 0 16 0 0 0 0 0 0 0 0 0 0 0 0 0 0 0 0;
4sample2-Phrases 0 16 0 0 0 0 0 0 0 0 0 0 0 0 0 0 0 0;
_4sample2--lv- 0 16 0 0 0 0 0 0 0 0 0 0 0 0 0 0 0 0;
4sample2-lv 0 16 0 0 0 0 0 0 0 0 0 0 0 0 0 0 0 0;
_4sample2--lr- 0 16 0 0 0 0 0 0 0 0 0 0 0 0 0 0 0 0;
4sample2-lr 0 16 0 0 0 0 0 0 0 0 0 0 0 0 0 0 0 0;
_4sample2--lR- 0 16 0 0 0 0 0 0 0 0 0 0 0 0 0 0 0 0;
4sample2-lR 0 16 0 0 0 0 0 0 0 0 0 0 0 0 0 0 0 0;
_4sample2--l4- 1 16 1 0 0 0 0 0 0 0 0 0 0 0 0 0 0 0;
4sample2-l4 1 16 1 0 0 0 0 0 0 0 0 0 0 0 0 0 0 0;
_4sample2--l3- 0 16 0 0 0 0 0 0 0 0 0 0 0 0 0 0 0 0;
4sample2-l3 0 16 0 0 0 0 0 0 0 0 0 0 0 0 0 0 0 0;
_4sample2--l2- 1 16 1 0 0 0 0 0 0 0 0 0 0 0 0 0 0 0;
4sample2-l2 0 16 0 0 0 0 0 0 0 0 0 0 0 0 0 0 0 0;
_4sample2--l1- 0 16 0 0 0 0 0 0 0 0 0 0 0 0 0 0 0 0;
4sample2-l1 0 16 0 0 0 0 0 0 0 0 0 0 0 0 0 0 0 0;
_4sample2--tR- 0 16 0 0 0 0 0 0 0 0 0 0 0 0 0 0 0 0;
4sample2-REC 0 16 0 0 0 0 0 0 0 0 0 0 0 0 0 0 0 0;
_4sample2-Volume_max 1 16 1 0 0 0 0 0 0 0 0 0 0 0 0 0 0 0;
4sample2-Volume 1 16 1 0 0 0 0 0 0 0 0 0 0 0 0 0 0 0;
_4sample2-Reverb_max 1 16 1 0 0 0 0 0 0 0 0 0 0 0 0 0 0 0;
4sample2-Reverb 0 16 0 0 0 0 0 0 0 0 0 0 0 0 0 0 0 0;
_4sample2-Dir-in 1 16 1 0 0 0 0 0 0 0 0 0 0 0 0 0 0 0;
4sample2-Effet 0 16 0 0 0 0 0 0 0 0 0 0 0 0 0 0 0 0;
_Input2---b4-- 0 16 0 0 0 0 0 0 0 0 0 0 0 0 0 0 0 0;
Input2--b4- 0 16 0 0 0 0 0 0 0 0 0 0 0 0 0 0 0 0;
_Input2---b3-- 0 16 0 0 0 0 0 0 0 0 0 0 0 0 0 0 0 0;
Input2--b3- 0 16 0 0 0 0 0 0 0 0 0 0 0 0 0 0 0 0;
_Input2---b2-- 0 16 0 0 0 0 0 0 0 0 0 0 0 0 0 0 0 0;
Input2--b2- 0 16 0 0 0 0 0 0 0 0 0 0 0 0 0 0 0 0;
_Input2---b1-- 0 16 0 0 0 0 0 0 0 0 0 0 0 0 0 0 0 0;
Input2--b1- 0 16 0 0 0 0 0 0 0 0 0 0 0 0 0 0 0 0;
_Input2-Volume 0 16 0 0 0 0 0 0 0 0 0 0 0 0 0 0 0 0;
Input2-Volume 0 16 0 0 0 0 0 0 0 0 0 0 0 0 0 0 0 0;
_Input2--lv- 0 16 0 0 0 0 0 0 0 0 0 0 0 0 0 0 0 0;
Input2-lv 0 16 0 0 0 0 0 0 0 0 0 0 0 0 0 0 0 0;
_Input2--lr- 0 16 0 0 0 0 0 0 0 0 0 0 0 0 0 0 0 0;
Input2-lr 0 16 0 0 0 0 0 0 0 0 0 0 0 0 0 0 0 0;
_Input2--lR- 0 16 0 0 0 0 0 0 0 0 0 0 0 0 0 0 0 0;
Input2-lR 0 16 0 0 0 0 0 0 0 0 0 0 0 0 0 0 0 0;
_Input2--l4- 0 16 0 0 0 0 0 0 0 0 0 0 0 0 0 0 0 0;
Input2-l4 0 16 0 0 0 0 0 0 0 0 0 0 0 0 0 0 0 0;
_Input2--l3- 0 16 0 0 0 0 0 0 0 0 0 0 0 0 0 0 0 0;
Input2-l3 0 16 0 0 0 0 0 0 0 0 0 0 0 0 0 0 0 0;
_Input2--l2- 0 16 0 0 0 0 0 0 0 0 0 0 0 0 0 0 0 0;
Input2-l2 0 16 0 0 0 0 0 0 0 0 0 0 0 0 0 0 0 0;
_Input2--l1- 0 16 0 0 0 0 0 0 0 0 0 0 0 0 0 0 0 0;
Input2-l1 0 16 0 0 0 0 0 0 0 0 0 0 0 0 0 0 0 0;
_Input2--tL- 0 16 0 0 0 0 0 0 0 0 0 0 0 0 0 0 0 0;
Input2-Lock 0 16 0 0 0 0 0 0 0 0 0 0 0 0 0 0 0 0;
_Input2--t4- 0 16 0 0 0 0 0 0 0 0 0 0 0 0 0 0 0 0;
Input2-1/4 0 16 0 0 0 0 0 0 0 0 0 0 0 0 0 0 0 0;
_Input2--t3- 0 16 0 0 0 0 0 0 0 0 0 0 0 0 0 0 0 0;
Input2-1/3 0 16 0 0 0 0 0 0 0 0 0 0 0 0 0 0 0 0;
_Input2--t2- 0 16 0 0 0 0 0 0 0 0 0 0 0 0 0 0 0 0;
Input2-1/2 0 16 0 0 0 0 0 0 0 0 0 0 0 0 0 0 0 0;
_Input2--t1- 0 16 0 0 0 0 0 0 0 0 0 0 0 0 0 0 0 0;
Input2-1/1 0 16 0 0 0 0 0 0 0 0 0 0 0 0 0 0 0 0;
Input2-SETTINGFILE BASE 0 _;
_Aubio1-Vitesse_max 0 16 0 0 0 0 0 0 0 0 0 0 0 0 0 0 0 0;
Aubio1-Tss 0 16 0 0 0 0 0 0 0 0 0 0 0 0 0 0 0 0;
_Aubio1-___ 0 16 0 0 0 0 0 0 0 0 0 0 0 0 0 0 0 0;
Aubio1-VolMix 0.10101 16 0.10101 0.10101 0 0 0 0 0 0 0 0 0 0 0 0 0
0;
_Aubio1--lv- 0 16 0 0 0 0 0 0 0 0 0 0 0 0 0 0 0 0;
Aubio1-lv 0 16 0 0 0 0 0 0 0 0 0 0 0 0 0 0 0 0;
_Aubio1--lr- 0 16 0 0 0 0 0 0 0 0 0 0 0 0 0 0 0 0;
Aubio1-lr 0 16 0 0 0 0 0 0 0 0 0 0 0 0 0 0 0 0;
_Aubio1--lR- 0 16 0 0 0 0 0 0 0 0 0 0 0 0 0 0 0 0;
Aubio1-lR 0 16 0 0 0 0 0 0 0 0 0 0 0 0 0 0 0 0;
_Aubio1--l4- 0 16 0 0 0 0 0 0 0 0 0 0 0 0 0 0 0 0;
Aubio1-l4 0 16 0 0 0 0 0 0 0 0 0 0 0 0 0 0 0 0;
_Aubio1--l3- 0 16 0 0 0 0 0 0 0 0 0 0 0 0 0 0 0 0;
Aubio1-l3 0 16 0 0 0 0 0 0 0 0 0 0 0 0 0 0 0 0;
_Aubio1--l2- 0 16 0 0 0 0 0 0 0 0 0 0 0 0 0 0 0 0;
Aubio1-l2 0 16 0 0 0 0 0 0 0 0 0 0 0 0 0 0 0 0;
_Aubio1--l1- 0 16 0 0 0 0 0 0 0 0 0 0 0 0 0 0 0 0;
Aubio1-l1 0 16 0 0 0 0 0 0 0 0 0 0 0 0 0 0 0 0;
_Aubio1--tR- 0 16 0 0 0 0 0 0 0 0 0 0 0 0 0 0 0 0;
Aubio1-REC 0 16 0 0 0 0 0 0 0 0 0 0 0 0 0 0 0 0;
_Aubio1--t4- 0 16 0 0 0 0 0 0 0 0 0 0 0 0 0 0 0 0;
Aubio1-tOver 0 16 0 0 0 0 0 0 0 0 0 0 0 0 0 0 0 0;
_Aubio1--t3- 0 16 0 0 0 0 0 0 0 0 0 0 0 0 0 0 0 0;
Aubio1-Ajoute 0 16 0 0 0 0 0 0 0 0 0 0 0 0 0 0 0 0;
_Aubio1--t2- 0 16 0 0 0 0 0 0 0 0 0 0 0 0 0 0 0 0;
Aubio1-1way 0 16 0 0 0 0 0 0 0 0 0 0 0 0 0 0 0 0;
_Aubio1--t1- 0 16 0 0 0 0 0 0 0 0 0 0 0 0 0 0 0 0;
Aubio1-Recloop 0 16 0 0 0 0 0 0 0 0 0 0 0 0 0 0 0 0;
_Aubio1-Volume_max 0.79798 16 0.79798 0 0 0 0 0 0 0 0 0 0 0 0 0 0 0
;
Aubio1-Volume 0 16 0 0 0 0 0 0 0 0 0 0 0 0 0 0 0 0;
_Aubio1-Reverb_max 1 16 1 0 0 0 0 0 0 0 0 0 0 0 0 0 0 0;
Aubio1-Reverb 1 16 1 1 0 0 0 0 0 0 0 0 0 0 0 0 0 0;
_Aubio1-Dir-in 0.623333 16 0.623333 0 0 0 0 0 0 0 0 0 0 0 0 0 0 0;
Aubio1-Effet 0 16 0 0 0 0 0 0 0 0 0 0 0 0 0 0 0 0;
Aubio1-SETTINGFILE BASE 0 _;
Dec2-SETTINGFILE BASE 0 _;
_Dec2-Volume 1 16 1 0 0 0 0 0 0 0 0 0 0 0 0 0 0 0;
Dec2-Volume 1 16 1 1 0 0 0 0 0 0 0 0 0 0 0 0 0 0;
_Dec2-Constance 0.178022 16 0.178022 0 0 0 0 0 0 0 0 0 0 0 0 0 0 0
;
Dec2-Pitch 0.178022 16 0.178022 0.25 0 0 0 0 0 0 0 0 0 0 0 0 0 0;
_Dec2-Amorti 0.240049 16 0.240049 0 0 0 0 0 0 0 0 0 0 0 0 0 0 0;
Dec2-Effet 0 16 0 0 0 0 0 0 0 0 0 0 0 0 0 0 0 0;
_Dec2-Rec4 0 16 0 0 0 0 0 0 0 0 0 0 0 0 0 0 0 0;
Dec2-Sa4 1 16 1 0 0 0 0 0 0 0 0 0 0 0 0 0 0 0;
_Dec2-Rec3 1 16 1 0 0 0 0 0 0 0 0 0 0 0 0 0 0 0;
Dec2-Sa3 0 16 0 0 0 0 0 0 0 0 0 0 0 0 0 0 0 0;
_Dec2-Rec2 0 16 0 0 0 0 0 0 0 0 0 0 0 0 0 0 0 0;
Dec2-Sa2 0 16 0 0 0 0 0 0 0 0 0 0 0 0 0 0 0 0;
_Dec2-Rec1 0 16 0 0 0 0 0 0 0 0 0 0 0 0 0 0 0 0;
Dec2-Sa1 0 16 0 0 0 0 0 0 0 0 0 0 0 0 0 0 0 0;
_Dec2--FragDenum 0.154335 16 0.154335 0 0 0 0 0 0 0 0 0 0 0 0 0 0 0
;
Dec2-Denum 0.156044 16 0.156044 0.909091 0 0 0 0 0 0 0 0 0 0 0 0 0
0;
_Dec2-Mode 0.826618 16 0.826618 0 0 0 0 0 0 0 0 0 0 0 0 0 0 0;
Dec2-PalinMesure 0.825885 16 0.825885 0.616162 0 0 0 0 0 0 0 0 0 0
0 0 0 0;
_Dec2-SnR 0 16 0 0 0 0 0 0 0 0 0 0 0 0 0 0 0 0;
Dec2-P0 0 16 0 0 0 0 0 0 0 0 0 0 0 0 0 0 0 0;
_Dec2--lv- 0 16 0 0 0 0 0 0 0 0 0 0 0 0 0 0 0 0;
Dec2-lv 0 16 0 0 0 0 0 0 0 0 0 0 0 0 0 0 0 0;
_Dec2--lr- 0 16 0 0 0 0 0 0 0 0 0 0 0 0 0 0 0 0;
Dec2-lr 0 16 0 0 0 0 0 0 0 0 0 0 0 0 0 0 0 0;
_Dec2--lR- 0 16 0 0 0 0 0 0 0 0 0 0 0 0 0 0 0 0;
Dec2-lR 0 16 0 0 0 0 0 0 0 0 0 0 0 0 0 0 0 0;
_Dec2--l4- 0 16 0 0 0 0 0 0 0 0 0 0 0 0 0 0 0 0;
Dec2-l4 1 16 1 0 0 0 0 0 0 0 0 0 0 0 0 0 0 0;
_Dec2--l3- 0 16 0 0 0 0 0 0 0 0 0 0 0 0 0 0 0 0;
Dec2-l3 0 16 0 0 0 0 0 0 0 0 0 0 0 0 0 0 0 0;
_Dec2--l2- 0 16 0 0 0 0 0 0 0 0 0 0 0 0 0 0 0 0;
Dec2-l2 0 16 0 0 0 0 0 0 0 0 0 0 0 0 0 0 0 0;
_Dec2--l1- 1 16 1 0 0 0 0 0 0 0 0 0 0 0 0 0 0 0;
Dec2-l1 0 16 0 0 0 0 0 0 0 0 0 0 0 0 0 0 0 0;
Stre2-SETTINGFILE BASE 0 _;
_Stre2--SpeedRnd 0 16 0 0 0 0 0 0 0 0 0 0 0 0 0 0 0 0;
Stre2-Mode 1 16 1 0 0 0 0 0 0 0 0 0 0 0 0 0 0 0;
_Stre2--PosRnd 0 16 0 0 0 0 0 0 0 0 0 0 0 0 0 0 0 0;
Stre2-Pos 0.912821 16 0.912821 0.536508 0 0 0 0 0 0 0 0 0 0 0 0 0 0
;
_Stre2--LenRnd 0 16 0 0 0 0 0 0 0 0 0 0 0 0 0 0 0 0;
Stre2--Len 0.530403 16 0.530891 0 0 0 0 0 0 0 0 0 0 0 0 0 0 0;
_Stre2-Rec4 0 16 0 0 0 0 0 0 0 0 0 0 0 0 0 0 0 0;
Stre2-Sa4 0 16 0 0 0 0 0 0 0 0 0 0 0 0 0 0 0 0;
_Stre2-Rec3 0 16 0 0 0 0 0 0 0 0 0 0 0 0 0 0 0 0;
Stre2-Sa3 0 16 0 0 0 0 0 0 0 0 0 0 0 0 0 0 0 0;
_Stre2-Rec2 0 16 0 0 0 0 0 0 0 0 0 0 0 0 0 0 0 0;
Stre2-Sa2 0 16 0 0 0 0 0 0 0 0 0 0 0 0 0 0 0 0;
_Stre2-Rec1 0 16 0 0 0 0 0 0 0 0 0 0 0 0 0 0 0 0;
Stre2-Sa1 0 16 0 0 0 0 0 0 0 0 0 0 0 0 0 0 0 0;
_Stre2-TailleRec 1 16 1 0 0 0 0 0 0 0 0 0 0 0 0 0 0 0;
Stre2-Volume 1 16 1 0.528938 0 0 0 0 0 0 0 0 0 0 0 0 0 0;
_Stre2-Trig 0 16 0 0 0 0 0 0 0 0 0 0 0 0 0 0 0 0;
Stre2-Rec 0 16 0 0 0 0 0 0 0 0 0 0 0 0 0 0 0 0;
_Stre2--lv- 0 16 0 0 0 0 0 0 0 0 0 0 0 0 0 0 0 0;
Stre2-lv 0 16 0 0 0 0 0 0 0 0 0 0 0 0 0 0 0 0;
_Stre2--lr- 0 16 0 0 0 0 0 0 0 0 0 0 0 0 0 0 0 0;
Stre2-lr 0 16 0 0 0 0 0 0 0 0 0 0 0 0 0 0 0 0;
_Stre2--lR- 0 16 0 0 0 0 0 0 0 0 0 0 0 0 0 0 0 0;
Stre2-lR 0 16 0 0 0 0 0 0 0 0 0 0 0 0 0 0 0 0;
_Stre2--l4- 0 16 0 0 0 0 0 0 0 0 0 0 0 0 0 0 0 0;
Stre2-l4 0 16 0 0 0 0 0 0 0 0 0 0 0 0 0 0 0 0;
_Stre2--l3- 0 16 0 0 0 0 0 0 0 0 0 0 0 0 0 0 0 0;
Stre2-l3 0 16 0 0 0 0 0 0 0 0 0 0 0 0 0 0 0 0;
_Stre2--l2- 0 16 0 0 0 0 0 0 0 0 0 0 0 0 0 0 0 0;
Stre2-l2 0 16 0 0 0 0 0 0 0 0 0 0 0 0 0 0 0 0;
_Stre2-Dir-in 0 16 0 0 0 0 0 0 0 0 0 0 0 0 0 0 0 0;
Stre2-Effet 0 16 0 0.760195 0 0 0 0 0 0 0 0 0 0 0 0 0 0;
_Stre2--l1- 0 16 0 0 0 0 0 0 0 0 0 0 0 0 0 0 0 0;
Stre2-l1 0 16 0 0 0 0 0 0 0 0 0 0 0 0 0 0 0 0;
Stre1-SETTINGFILE BASE2 0 _;
_Stre1--SpeedRnd 0 16 0 0 0 0 0 0 0 0 0 0 0 0 0 0 0 0;
Stre1-Mode 0.581441 16 0.581441 0 0 0 0 0 0 0 0 0 0 0 0 0 0 0;
_Stre1--PosRnd 0 16 0 0 0 0 0 0 0 0 0 0 0 0 0 0 0 0;
Stre1-Pos 0.115507 16 0.115507 0.536508 0 0 0 0 0 0 0 0 0 0 0 0 0 0
;
_Stre1--LenRnd 0.562637 16 0.562637 0 0 0 0 0 0 0 0 0 0 0 0 0 0 0;
Stre1--Len 0.235409 16 0.234432 0 0 0 0 0 0 0 0 0 0 0 0 0 0 0;
_Stre1-Rec4 0 16 0 0 0 0 0 0 0 0 0 0 0 0 0 0 0 0;
Stre1-Sa4 0 16 0 0 0 0 0 0 0 0 0 0 0 0 0 0 0 0;
_Stre1-Rec3 0 16 0 0 0 0 0 0 0 0 0 0 0 0 0 0 0 0;
Stre1-Sa3 0 16 0 0 0 0 0 0 0 0 0 0 0 0 0 0 0 0;
_Stre1-Rec2 0 16 0 0 0 0 0 0 0 0 0 0 0 0 0 0 0 0;
Stre1-Sa2 0 16 0 0 0 0 0 0 0 0 0 0 0 0 0 0 0 0;
_Stre1-Rec1 0 16 0 0 0 0 0 0 0 0 0 0 0 0 0 0 0 0;
Stre1-Sa1 0 16 0 0 0 0 0 0 0 0 0 0 0 0 0 0 0 0;
_Stre1-TailleRec 1 16 1 0 0 0 0 0 0 0 0 0 0 0 0 0 0 0;
Stre1-Volume 1 16 1 0.528938 0 0 0 0 0 0 0 0 0 0 0 0 0 0;
_Stre1-Trig 0 16 0 0 0 0 0 0 0 0 0 0 0 0 0 0 0 0;
Stre1-Rec 0 16 0 0 0 0 0 0 0 0 0 0 0 0 0 0 0 0;
_Stre1--lv- 0 16 0 0 0 0 0 0 0 0 0 0 0 0 0 0 0 0;
Stre1-lv 0 16 0 0 0 0 0 0 0 0 0 0 0 0 0 0 0 0;
_Stre1--lr- 0 16 0 0 0 0 0 0 0 0 0 0 0 0 0 0 0 0;
Stre1-lr 0 16 0 0 0 0 0 0 0 0 0 0 0 0 0 0 0 0;
_Stre1--lR- 0 16 0 0 0 0 0 0 0 0 0 0 0 0 0 0 0 0;
Stre1-lR 0 16 0 0 0 0 0 0 0 0 0 0 0 0 0 0 0 0;
_Stre1--l4- 0 16 0 0 0 0 0 0 0 0 0 0 0 0 0 0 0 0;
Stre1-l4 0 16 0 0 0 0 0 0 0 0 0 0 0 0 0 0 0 0;
_Stre1--l3- 0 16 0 0 0 0 0 0 0 0 0 0 0 0 0 0 0 0;
Stre1-l3 0 16 0 0 0 0 0 0 0 0 0 0 0 0 0 0 0 0;
_Stre1--l2- 0 16 0 0 0 0 0 0 0 0 0 0 0 0 0 0 0 0;
Stre1-l2 0 16 0 0 0 0 0 0 0 0 0 0 0 0 0 0 0 0;
_Stre1-Dir-in 0.541636 16 0.541636 0 0 0 0 0 0 0 0 0 0 0 0 0 0 0;
Stre1-Effet 1 16 1 0.760195 0 0 0 0 0 0 0 0 0 0 0 0 0 0;
_Stre1--l1- 0 16 0 0 0 0 0 0 0 0 0 0 0 0 0 0 0 0;
Stre1-l1 0 16 0 0 0 0 0 0 0 0 0 0 0 0 0 0 0 0;
_Input1---b4-- 0 16 0 0 0 0 0 0 0 0 0 0 0 0 0 0 0 0;
Input1--b4- 0 16 0 0 0 0 0 0 0 0 0 0 0 0 0 0 0 0;
_Input1---b3-- 0 16 0 0 0 0 0 0 0 0 0 0 0 0 0 0 0 0;
Input1--b3- 0 16 0 0 0 0 0 0 0 0 0 0 0 0 0 0 0 0;
_Input1---b2-- 0 16 0 0 0 0 0 0 0 0 0 0 0 0 0 0 0 0;
Input1--b2- 0 16 0 0 0 0 0 0 0 0 0 0 0 0 0 0 0 0;
_Input1---b1-- 0 16 0 0 0 0 0 0 0 0 0 0 0 0 0 0 0 0;
Input1--b1- 0 16 0 0 0 0 0 0 0 0 0 0 0 0 0 0 0 0;
_Input1-Volume 0 16 0 0 0 0 0 0 0 0 0 0 0 0 0 0 0 0;
Input1-Volume 0 16 0 0 0 0 0 0 0 0 0 0 0 0 0 0 0 0;
_Input1--lv- 0 16 0 0 0 0 0 0 0 0 0 0 0 0 0 0 0 0;
Input1-lv 0 16 0 0 0 0 0 0 0 0 0 0 0 0 0 0 0 0;
_Input1--lr- 0 16 0 0 0 0 0 0 0 0 0 0 0 0 0 0 0 0;
Input1-lr 0 16 0 0 0 0 0 0 0 0 0 0 0 0 0 0 0 0;
_Input1--lR- 0 16 0 0 0 0 0 0 0 0 0 0 0 0 0 0 0 0;
Input1-lR 0 16 0 0 0 0 0 0 0 0 0 0 0 0 0 0 0 0;
_Input1--l4- 0 16 0 0 0 0 0 0 0 0 0 0 0 0 0 0 0 0;
Input1-l4 0 16 0 0 0 0 0 0 0 0 0 0 0 0 0 0 0 0;
_Input1--l3- 0 16 0 0 0 0 0 0 0 0 0 0 0 0 0 0 0 0;
Input1-l3 0 16 0 0 0 0 0 0 0 0 0 0 0 0 0 0 0 0;
_Input1--l2- 0 16 0 0 0 0 0 0 0 0 0 0 0 0 0 0 0 0;
Input1-l2 0 16 0 0 0 0 0 0 0 0 0 0 0 0 0 0 0 0;
_Input1--l1- 0 16 0 0 0 0 0 0 0 0 0 0 0 0 0 0 0 0;
Input1-l1 0 16 0 0 0 0 0 0 0 0 0 0 0 0 0 0 0 0;
_Input1--tL- 0 16 0 0 0 0 0 0 0 0 0 0 0 0 0 0 0 0;
Input1-Lock 0 16 0 0 0 0 0 0 0 0 0 0 0 0 0 0 0 0;
_Input1--t4- 0 16 0 0 0 0 0 0 0 0 0 0 0 0 0 0 0 0;
Input1-1/4 0 16 0 0 0 0 0 0 0 0 0 0 0 0 0 0 0 0;
_Input1--t3- 0 16 0 0 0 0 0 0 0 0 0 0 0 0 0 0 0 0;
Input1-1/3 0 16 0 0 0 0 0 0 0 0 0 0 0 0 0 0 0 0;
_Input1--t2- 0 16 0 0 0 0 0 0 0 0 0 0 0 0 0 0 0 0;
Input1-1/2 0 16 0 0 0 0 0 0 0 0 0 0 0 0 0 0 0 0;
_Input1--t1- 0 16 0 0 0 0 0 0 0 0 0 0 0 0 0 0 0 0;
Input1-1/1 0 16 0 0 0 0 0 0 0 0 0 0 0 0 0 0 0 0;
Input1-SETTINGFILE BASE 0 _;
Rythmic3-SETTINGFILE Hi-hat 0 _;
_Rythmic3-Reverb 0 16 0 0 0 0 0 0 0 0 0 0 0 0 0 0 0 0;
Rythmic3-Reverb 0 16 0 0 0 0 0 0 0 0 0 0 0 0 0 0 0 0;
_Rythmic3-Phrases 0.282828 16 0.282828 0 0 0 0 0 0 0 0 0 0 0 0 0 0
0;
Rythmic3-Phrases 0.282828 16 0.282828 0 0 0 0 0 0 0 0 0 0 0 0 0 0 0
;
_Rythmic3-Vitesse 0.174632 16 0.174632 0 0 0 0 0 0 0 0 0 0 0 0 0 0
0;
Rythmic3-Vitesse 0.174632 16 0.174632 0.480101 0 0 0 0 0 0 0 0 0 0
0 0 0 0;
_Rythmic3-Volume 0.99762 16 0.99762 0 0 0 0 0 0 0 0 0 0 0 0 0 0 0;
Rythmic3-Volume 0.99762 16 0.99762 0.423737 0 0 0 0 0 0 0 0 0 0 0 0
0 0;
_Rythmic3--lv- 0 16 0 0 0 0 0 0 0 0 0 0 0 0 0 0 0 0;
Rythmic3-lv 0 16 0 0 0 0 0 0 0 0 0 0 0 0 0 0 0 0;
_Rythmic3--lr- 0 16 0 0 0 0 0 0 0 0 0 0 0 0 0 0 0 0;
Rythmic3-lr 0 16 0 0 0 0 0 0 0 0 0 0 0 0 0 0 0 0;
_Rythmic3--lR- 0 16 0 0 0 0 0 0 0 0 0 0 0 0 0 0 0 0;
Rythmic3-lR 0 16 0 0 0 0 0 0 0 0 0 0 0 0 0 0 0 0;
_Rythmic3--l4- 0 16 0 0 0 0 0 0 0 0 0 0 0 0 0 0 0 0;
Rythmic3-l4 0 16 0 0 0 0 0 0 0 0 0 0 0 0 0 0 0 0;
_Rythmic3--l3- 0 16 0 0 0 0 0 0 0 0 0 0 0 0 0 0 0 0;
Rythmic3-l3 0 16 0 0 0 0 0 0 0 0 0 0 0 0 0 0 0 0;
_Rythmic3--l2- 1 16 1 0 0 0 0 0 0 0 0 0 0 0 0 0 0 0;
Rythmic3-l2 0 16 0 0 0 0 0 0 0 0 0 0 0 0 0 0 0 0;
_Rythmic3--l1- 0 16 0 0 0 0 0 0 0 0 0 0 0 0 0 0 0 0;
Rythmic3-l1 0 16 0 0 0 0 0 0 0 0 0 0 0 0 0 0 0 0;
_Rythmic3--tL- 0 16 0 0 0 0 0 0 0 0 0 0 0 0 0 0 0 0;
Rythmic3-Lock 0 16 0 0 0 0 0 0 0 0 0 0 0 0 0 0 0 0;
_Rythmic3--t4- 0 16 0 0 0 0 0 0 0 0 0 0 0 0 0 0 0 0;
Rythmic3-1/4 0 16 0 0 0 0 0 0 0 0 0 0 0 0 0 0 0 0;
_Rythmic3--t3- 0 16 0 0 0 0 0 0 0 0 0 0 0 0 0 0 0 0;
Rythmic3-1/3 0 16 0 0 0 0 0 0 0 0 0 0 0 0 0 0 0 0;
_Rythmic3--t2- 0 16 0 0 0 0 0 0 0 0 0 0 0 0 0 0 0 0;
Rythmic3-1/2 0 16 0 0 0 0 0 0 0 0 0 0 0 0 0 0 0 0;
_Rythmic3--t1- 0 16 0 0 0 0 0 0 0 0 0 0 0 0 0 0 0 0;
Rythmic3-1/1 0 16 0 0 0 0 0 0 0 0 0 0 0 0 0 0 0 0;
_Rythmic3-Decay 0.474747 16 0.474747 0 0 0 0 0 0 0 0 0 0 0 0 0 0 0
;
Rythmic3-Effet 0 16 0 0.183434 0 0 0 0 0 0 0 0 0 0 0 0 0 0;
Rythmic2-SETTINGFILE Snare 0 _;
_Rythmic2-Reverb 0 16 0 0 0 0 0 0 0 0 0 0 0 0 0 0 0 0;
Rythmic2-Reverb 0 16 0 0 0 0 0 0 0 0 0 0 0 0 0 0 0 0;
_Rythmic2-Phrases 1 16 1 0 0 0 0 0 0 0 0 0 0 0 0 0 0 0;
Rythmic2-Phrases 1 16 1 0.262271 0 0 0 0 0 0 0 0 0 0 0 0 0 0;
_Rythmic2-Vitesse 0 16 0 0 0 0 0 0 0 0 0 0 0 0 0 0 0 0;
Rythmic2-Vitesse 0 16 0 0.453236 0 0 0 0 0 0 0 0 0 0 0 0 0 0;
_Rythmic2-Volume 1 16 1 0 0 0 0 0 0 0 0 0 0 0 0 0 0 0;
Rythmic2-Volume 1 16 1 1 0 0 0 0 0 0 0 0 0 0 0 0 0 0;
_Rythmic2--lv- 0 16 0 0 0 0 0 0 0 0 0 0 0 0 0 0 0 0;
Rythmic2-lv 0 16 0 0 0 0 0 0 0 0 0 0 0 0 0 0 0 0;
_Rythmic2--lr- 0 16 0 0 0 0 0 0 0 0 0 0 0 0 0 0 0 0;
Rythmic2-lr 0 16 0 0 0 0 0 0 0 0 0 0 0 0 0 0 0 0;
_Rythmic2--lR- 0 16 0 0 0 0 0 0 0 0 0 0 0 0 0 0 0 0;
Rythmic2-lR 0 16 0 0 0 0 0 0 0 0 0 0 0 0 0 0 0 0;
_Rythmic2--l4- 0 16 0 0 0 0 0 0 0 0 0 0 0 0 0 0 0 0;
Rythmic2-l4 0 16 0 0 0 0 0 0 0 0 0 0 0 0 0 0 0 0;
_Rythmic2--l3- 0 16 0 0 0 0 0 0 0 0 0 0 0 0 0 0 0 0;
Rythmic2-l3 0 16 0 0 0 0 0 0 0 0 0 0 0 0 0 0 0 0;
_Rythmic2--l2- 1 16 1 0 0 0 0 0 0 0 0 0 0 0 0 0 0 0;
Rythmic2-l2 0 16 0 0 0 0 0 0 0 0 0 0 0 0 0 0 0 0;
_Rythmic2--l1- 0 16 0 0 0 0 0 0 0 0 0 0 0 0 0 0 0 0;
Rythmic2-l1 1 16 0 0 0 0 0 0 0 0 0 0 0 0 0 0 0 0;
_Rythmic2--tL- 0 16 0 0 0 0 0 0 0 0 0 0 0 0 0 0 0 0;
Rythmic2-Lock 0 16 0 0 0 0 0 0 0 0 0 0 0 0 0 0 0 0;
_Rythmic2--t4- 0 16 0 0 0 0 0 0 0 0 0 0 0 0 0 0 0 0;
Rythmic2-1/4 0 16 0 0 0 0 0 0 0 0 0 0 0 0 0 0 0 0;
_Rythmic2--t3- 0 16 0 0 0 0 0 0 0 0 0 0 0 0 0 0 0 0;
Rythmic2-1/3 0 16 0 0 0 0 0 0 0 0 0 0 0 0 0 0 0 0;
_Rythmic2--t2- 0 16 0 0 0 0 0 0 0 0 0 0 0 0 0 0 0 0;
Rythmic2-1/2 0 16 0 0 0 0 0 0 0 0 0 0 0 0 0 0 0 0;
_Rythmic2--t1- 0 16 0 0 0 0 0 0 0 0 0 0 0 0 0 0 0 0;
Rythmic2-1/1 1 16 0 0 0 0 0 0 0 0 0 0 0 0 0 0 0 0;
_Rythmic2-Decay 0.474747 16 0.474747 0 0 0 0 0 0 0 0 0 0 0 0 0 0 0
;
Rythmic2-Effet 0.599585 16 0.599951 0.923565 0 0 0 0 0 0 0 0 0 0 0
0 0 0;
Rythmic1-SETTINGFILE Kick 0 _;
_Rythmic1-Reverb 0 16 0 0 0 0 0 0 0 0 0 0 0 0 0 0 0 0;
Rythmic1-Reverb 0 16 0 0.356869 0 0 0 0 0 0 0 0 0 0 0 0 0 0;
_Rythmic1-Phrases 0.110908 16 0.110908 0 0 0 0 0 0 0 0 0 0 0 0 0 0
0;
Rythmic1-Phrases 0.110908 16 0.110908 0.666667 0 0 0 0 0 0 0 0 0 0
0 0 0 0;
_Rythmic1-Vitesse 0 16 0 0 0 0 0 0 0 0 0 0 0 0 0 0 0 0;
Rythmic1-Vitesse 0 16 0 0.519293 0 0 0 0 0 0 0 0 0 0 0 0 0 0;
_Rythmic1-Volume 1 16 1 0 0 0 0 0 0 0 0 0 0 0 0 0 0 0;
Rythmic1-Volume 1 16 1 0.820101 0 0 0 0 0 0 0 0 0 0 0 0 0 0;
_Rythmic1--lv- 0 16 0 0 0 0 0 0 0 0 0 0 0 0 0 0 0 0;
Rythmic1-lv 0 16 0 0 0 0 0 0 0 0 0 0 0 0 0 0 0 0;
_Rythmic1--lr- 0 16 0 0 0 0 0 0 0 0 0 0 0 0 0 0 0 0;
Rythmic1-lr 0 16 0 0 0 0 0 0 0 0 0 0 0 0 0 0 0 0;
_Rythmic1--lR- 0 16 0 0 0 0 0 0 0 0 0 0 0 0 0 0 0 0;
Rythmic1-lR 0 16 0 0 0 0 0 0 0 0 0 0 0 0 0 0 0 0;
_Rythmic1--l4- 0 16 0 0 0 0 0 0 0 0 0 0 0 0 0 0 0 0;
Rythmic1-l4 0 16 0 1 0 0 0 0 0 0 0 0 0 0 0 0 0 0;
_Rythmic1--l3- 0 16 0 0 0 0 0 0 0 0 0 0 0 0 0 0 0 0;
Rythmic1-l3 0 16 0 1 0 0 0 0 0 0 0 0 0 0 0 0 0 0;
_Rythmic1--l2- 1 16 1 0 0 0 0 0 0 0 0 0 0 0 0 0 0 0;
Rythmic1-l2 0 16 0 0 0 0 0 0 0 0 0 0 0 0 0 0 0 0;
_Rythmic1--l1- 0 16 0 0 0 0 0 0 0 0 0 0 0 0 0 0 0 0;
Rythmic1-l1 0 16 0 1 0 0 0 0 0 0 0 0 0 0 0 0 0 0;
_Rythmic1--tL- 0 16 0 0 0 0 0 0 0 0 0 0 0 0 0 0 0 0;
Rythmic1-Lock 0 16 0 0 0 0 0 0 0 0 0 0 0 0 0 0 0 0;
_Rythmic1--t4- 0 16 0 0 0 0 0 0 0 0 0 0 0 0 0 0 0 0;
Rythmic1-1/4 0 16 0 1 0 0 0 0 0 0 0 0 0 0 0 0 0 0;
_Rythmic1--t3- 0 16 0 0 0 0 0 0 0 0 0 0 0 0 0 0 0 0;
Rythmic1-1/3 0 16 0 1 0 0 0 0 0 0 0 0 0 0 0 0 0 0;
_Rythmic1--t2- 0 16 0 0 0 0 0 0 0 0 0 0 0 0 0 0 0 0;
Rythmic1-1/2 0 16 0 0 0 0 0 0 0 0 0 0 0 0 0 0 0 0;
_Rythmic1--t1- 0 16 0 0 0 0 0 0 0 0 0 0 0 0 0 0 0 0;
Rythmic1-1/1 0 16 0 1 0 0 0 0 0 0 0 0 0 0 0 0 0 0;
_Rythmic1-Decay 0.474747 16 0.474747 0 0 0 0 0 0 0 0 0 0 0 0 0 0 0
;
Rythmic1-Effet 0.276384 16 0.276384 0.661212 0 0 0 0 0 0 0 0 0 0 0
0 0 0;
Dec1-SETTINGFILE BASE2 0 _;
_Dec1-Volume 1 16 1 0 0 0 0 0 0 0 0 0 0 0 0 0 0 0;
Dec1-Volume 1 16 1 0.543834 0 0 0 0 0 0 0 0 0 0 0 0 0 0;
_Dec1-Constance 0.294646 16 0.294646 0 0 0 0 0 0 0 0 0 0 0 0 0 0 0
;
Dec1-Pitch 0.358974 16 0.358974 0 0 0 0 0 0 0 0 0 0 0 0 0 0 0;
_Dec1-Amorti 0.393939 16 0.393939 0 0 0 0 0 0 0 0 0 0 0 0 0 0 0;
Dec1-Effet 0.850305 16 0.850305 0.951893 0 0 0 0 0 0 0 0 0 0 0 0 0
0;
_Dec1-Rec4 0 16 0 0 0 0 0 0 0 0 0 0 0 0 0 0 0 0;
Dec1-Sa4 0 16 0 1 0 0 0 0 0 0 0 0 0 0 0 0 0 0;
_Dec1-Rec3 0 16 0 0 0 0 0 0 0 0 0 0 0 0 0 0 0 0;
Dec1-Sa3 1 16 1 0 0 0 0 0 0 0 0 0 0 0 0 0 0 0;
_Dec1-Rec2 0 16 0 0 0 0 0 0 0 0 0 0 0 0 0 0 0 0;
Dec1-Sa2 0 16 0 0 0 0 0 0 0 0 0 0 0 0 0 0 0 0;
_Dec1-Rec1 0 16 0 0 0 0 0 0 0 0 0 0 0 0 0 0 0 0;
Dec1-Sa1 0 16 1 1 0 0 0 0 0 0 0 0 0 0 0 0 0 0;
_Dec1--FragDenum 0.321856 16 0.321856 0 0 0 0 0 0 0 0 0 0 0 0 0 0 0
;
Dec1-Denum 0.175092 16 0.175092 0.526007 0 0 0 0 0 0 0 0 0 0 0 0 0
0;
_Dec1-Mode 0 16 0 0 0 0 0 0 0 0 0 0 0 0 0 0 0 0;
Dec1-PalinMesure 0.572405 16 0.572405 0.430525 0 0 0 0 0 0 0 0 0 0
0 0 0 0;
_Dec1-SnR 0 16 0 0 0 0 0 0 0 0 0 0 0 0 0 0 0 0;
Dec1-P0 0 16 0 0 0 0 0 0 0 0 0 0 0 0 0 0 0 0;
_Dec1--lv- 0 16 0 0 0 0 0 0 0 0 0 0 0 0 0 0 0 0;
Dec1-lv 0 16 0 0 0 0 0 0 0 0 0 0 0 0 0 0 0 0;
_Dec1--lr- 0 16 0 0 0 0 0 0 0 0 0 0 0 0 0 0 0 0;
Dec1-lr 0 16 0 0 0 0 0 0 0 0 0 0 0 0 0 0 0 0;
_Dec1--lR- 0 16 0 0 0 0 0 0 0 0 0 0 0 0 0 0 0 0;
Dec1-lR 0 16 0 0 0 0 0 0 0 0 0 0 0 0 0 0 0 0;
_Dec1--l4- 1 16 1 0 0 0 0 0 0 0 0 0 0 0 0 0 0 0;
Dec1-l4 0 16 0 0 0 0 0 0 0 0 0 0 0 0 0 0 0 0;
_Dec1--l3- 0 16 0 0 0 0 0 0 0 0 0 0 0 0 0 0 0 0;
Dec1-l3 0 16 0 0 0 0 0 0 0 0 0 0 0 0 0 0 0 0;
_Dec1--l2- 0 16 0 0 0 0 0 0 0 0 0 0 0 0 0 0 0 0;
Dec1-l2 0 16 0 0 0 0 0 0 0 0 0 0 0 0 0 0 0 0;
_Dec1--l1- 0 16 0 0 0 0 0 0 0 0 0 0 0 0 0 0 0 0;
Dec1-l1 0 16 1 1 0 0 0 0 0 0 0 0 0 0 0 0 0 0;
Paf1-SETTINGFILE BASE 0 _;
_Paf1-Volume 0.932308 16 0.932308 0 0 0 0 0 0 0 0 0 0 0 0 0 0 0;
Paf1-Volume 0.932308 16 0.932308 0.838384 0 0 0 0 0 0 0 0 0 0 0 0 0
0;
_Paf1-Reverb 0 16 0 0 0 0 0 0 0 0 0 0 0 0 0 0 0 0;
Paf1-Reverb 0 16 0 0.494949 0 0 0 0 0 0 0 0 0 0 0 0 0 0;
_Paf1--lv- 0 16 0 0 0 0 0 0 0 0 0 0 0 0 0 0 0 0;
Paf1-lv 0 16 0 0 0 0 0 0 0 0 0 0 0 0 0 0 0 0;
_Paf1--lr- 0 16 0 0 0 0 0 0 0 0 0 0 0 0 0 0 0 0;
Paf1-lr 0 16 0 0 0 0 0 0 0 0 0 0 0 0 0 0 0 0;
_Paf1--lR- 0 16 0 0 0 0 0 0 0 0 0 0 0 0 0 0 0 0;
Paf1-lR 0 16 0 0 0 0 0 0 0 0 0 0 0 0 0 0 0 0;
_Paf1--l4- 0 16 0 0 0 0 0 0 0 0 0 0 0 0 0 0 0 0;
Paf1-l4 0 16 0 0 0 0 0 0 0 0 0 0 0 0 0 0 0 0;
_Paf1--l3- 0 16 0 0 0 0 0 0 0 0 0 0 0 0 0 0 0 0;
Paf1-l3 0 16 0 0 0 0 0 0 0 0 0 0 0 0 0 0 0 0;
_Paf1--l2- 0 16 0 0 0 0 0 0 0 0 0 0 0 0 0 0 0 0;
Paf1-l2 0 16 0 0 0 0 0 0 0 0 0 0 0 0 0 0 0 0;
_Paf1--l1- 0 16 0 0 0 0 0 0 0 0 0 0 0 0 0 0 0 0;
Paf1-l1 0 16 0 0 0 0 0 0 0 0 0 0 0 0 0 0 0 0;
_Paf1-Phrases_vitesse 0.353535 16 0.353535 0 0 0 0 0 0 0 0 0 0 0 0
0 0 0;
Paf1-Phrases 0 16 0 0.626263 0 0 0 0 0 0 0 0 0 0 0 0 0 0;
_Paf1-Note_adjust 1 16 1 0 0 0 0 0 0 0 0 0 0 0 0 0 0 0;
Paf1-Note 0.788805 16 0.788805 0.585859 0 0 0 0 0 0 0 0 0 0 0 0 0 0
;
_Paf1--t4- 0 16 0 0 0 0 0 0 0 0 0 0 0 0 0 0 0 0;
Paf1-N8 0 16 0 0 0 0 0 0 0 0 0 0 0 0 0 0 0 0;
_Paf1--t3- 0 16 0 0 0 0 0 0 0 0 0 0 0 0 0 0 0 0;
Paf1-N4 0 16 0 0 0 0 0 0 0 0 0 0 0 0 0 0 0 0;
_Paf1--tL- 0 16 0 0 0 0 0 0 0 0 0 0 0 0 0 0 0 0;
Paf1-Rec 0 16 0 0 0 0 0 0 0 0 0 0 0 0 0 0 0 0;
_Paf1--t2- 0 16 0 0 0 0 0 0 0 0 0 0 0 0 0 0 0 0;
Paf1-N2 0 16 0 0 0 0 0 0 0 0 0 0 0 0 0 0 0 0;
_Paf1--t1- 0 16 0 0 0 0 0 0 0 0 0 0 0 0 0 0 0 0;
Paf1-N1 0 16 0 0 0 0 0 0 0 0 0 0 0 0 0 0 0 0;
_Paf1-Decay 0.646465 16 0.646465 0 0 0 0 0 0 0 0 0 0 0 0 0 0 0;
Paf1-Effet 0 16 0 1 0 0 0 0 0 0 0 0 0 0 0 0 0 0;
Reverb1-SETTINGFILE BASE 0 _;
_Reverb1-Echo 0.858586 16 0.858586 0 0 0 0 0 0 0 0 0 0 0 0 0 0 0;
Reverb1-Echo 0.858586 16 0.858586 0.858586 0 0 0 0 0 0 0 0 0 0 0 0
0 0;
_Reverb1-Filtre 0 16 0 0 0 0 0 0 0 0 0 0 0 0 0 0 0 0;
Reverb1-Filtre 0 16 0 0 0 0 0 0 0 0 0 0 0 0 0 0 0 0;
_Reverb1-Reverb 0.292929 16 0.292929 0 0 0 0 0 0 0 0 0 0 0 0 0 0 0
;
Reverb1-Reverb 0.292929 16 0.292929 0.292929 0 0 0 0 0 0 0 0 0 0 0
0 0 0;
_Reverb1-Volume 1 16 1 0 0 0 0 0 0 0 0 0 0 0 0 0 0 0;
Reverb1-Volume 1 16 1 1 0 0 0 0 0 0 0 0 0 0 0 0 0 0;
_Reverb1--lv- 0 16 0 0 0 0 0 0 0 0 0 0 0 0 0 0 0 0;
Reverb1-lv 0 16 0 0 0 0 0 0 0 0 0 0 0 0 0 0 0 0;
_Reverb1--lr- 0 16 0 0 0 0 0 0 0 0 0 0 0 0 0 0 0 0;
Reverb1-lr 0 16 0 0 0 0 0 0 0 0 0 0 0 0 0 0 0 0;
_Reverb1--lR- 0 16 0 0 0 0 0 0 0 0 0 0 0 0 0 0 0 0;
Reverb1-lR 0 16 0 0 0 0 0 0 0 0 0 0 0 0 0 0 0 0;
_Reverb1--l4- 1 16 1 0 0 0 0 0 0 0 0 0 0 0 0 0 0 0;
Reverb1-l4 0 16 0 0 0 0 0 0 0 0 0 0 0 0 0 0 0 0;
_Reverb1--l3- 0 16 0 0 0 0 0 0 0 0 0 0 0 0 0 0 0 0;
Reverb1-l3 0 16 0 0 0 0 0 0 0 0 0 0 0 0 0 0 0 0;
_Reverb1--l2- 1 16 1 0 0 0 0 0 0 0 0 0 0 0 0 0 0 0;
Reverb1-l2 0 16 0 0 0 0 0 0 0 0 0 0 0 0 0 0 0 0;
_Reverb1--l1- 0 16 0 0 0 0 0 0 0 0 0 0 0 0 0 0 0 0;
Reverb1-l1 0 16 0 0 0 0 0 0 0 0 0 0 0 0 0 0 0 0;
_Reverb1--tL- 0 16 0 0 0 0 0 0 0 0 0 0 0 0 0 0 0 0;
Reverb1-Lock 0 16 0 0 0 0 0 0 0 0 0 0 0 0 0 0 0 0;
_Reverb1--t4- 0 16 0 0 0 0 0 0 0 0 0 0 0 0 0 0 0 0;
Reverb1-1/4 0 16 0 0 0 0 0 0 0 0 0 0 0 0 0 0 0 0;
_Reverb1--t3- 0 16 0 0 0 0 0 0 0 0 0 0 0 0 0 0 0 0;
Reverb1-1/3 0 16 0 0 0 0 0 0 0 0 0 0 0 0 0 0 0 0;
_Reverb1--t2- 0 16 0 0 0 0 0 0 0 0 0 0 0 0 0 0 0 0;
Reverb1-1/2 0 16 0 0 0 0 0 0 0 0 0 0 0 0 0 0 0 0;
_Reverb1--t1- 0 16 0 0 0 0 0 0 0 0 0 0 0 0 0 0 0 0;
Reverb1-1/1 0 16 0 0 0 0 0 0 0 0 0 0 0 0 0 0 0 0;
_Reverb1-Decay 0.252525 16 0.252525 0 0 0 0 0 0 0 0 0 0 0 0 0 0 0;
Reverb1-Effet 0.565657 16 0.565657 0.565657 0 0 0 0 0 0 0 0 0 0 0 0
0 0;
Flange1-SETTINGFILE BASE 0 _;
_Flange1-Filtre 0.808081 16 0.808081 0 0 0 0 0 0 0 0 0 0 0 0 0 0 0
;
Flange1-Filtre 0.808081 16 0.808081 0.808081 0 0 0 0 0 0 0 0 0 0 0
0 0 0;
_Flange1-Reverb 0.878788 16 0.878788 0 0 0 0 0 0 0 0 0 0 0 0 0 0 0
;
Flange1-Reverb 0.878788 16 0.878788 0.878788 0 0 0 0 0 0 0 0 0 0 0
0 0 0;
_Flange1-Phrases 0.464646 16 0.464646 0 0 0 0 0 0 0 0 0 0 0 0 0 0 0
;
Flange1-Phrases 0.464646 16 0.464646 0.464646 0 0 0 0 0 0 0 0 0 0 0
0 0 0;
_Flange1-Volume 1 16 1 0 0 0 0 0 0 0 0 0 0 0 0 0 0 0;
Flange1-Volume 1 16 1 1 0 0 0 0 0 0 0 0 0 0 0 0 0 0;
_Flange1--lv- 0 16 0 0 0 0 0 0 0 0 0 0 0 0 0 0 0 0;
Flange1-lv 0 16 0 0 0 0 0 0 0 0 0 0 0 0 0 0 0 0;
_Flange1--lr- 0 16 0 0 0 0 0 0 0 0 0 0 0 0 0 0 0 0;
Flange1-lr 0 16 0 0 0 0 0 0 0 0 0 0 0 0 0 0 0 0;
_Flange1--lR- 0 16 0 0 0 0 0 0 0 0 0 0 0 0 0 0 0 0;
Flange1-lR 0 16 0 0 0 0 0 0 0 0 0 0 0 0 0 0 0 0;
_Flange1--l4- 0 16 0 0 0 0 0 0 0 0 0 0 0 0 0 0 0 0;
Flange1-l4 0 16 0 0 0 0 0 0 0 0 0 0 0 0 0 0 0 0;
_Flange1--l3- 0 16 0 0 0 0 0 0 0 0 0 0 0 0 0 0 0 0;
Flange1-l3 0 16 0 0 0 0 0 0 0 0 0 0 0 0 0 0 0 0;
_Flange1--l2- 0 16 0 0 0 0 0 0 0 0 0 0 0 0 0 0 0 0;
Flange1-l2 0 16 0 0 0 0 0 0 0 0 0 0 0 0 0 0 0 0;
_Flange1--l1- 0 16 0 0 0 0 0 0 0 0 0 0 0 0 0 0 0 0;
Flange1-l1 0 16 0 0 0 0 0 0 0 0 0 0 0 0 0 0 0 0;
_Flange1--tL- 0 16 0 0 0 0 0 0 0 0 0 0 0 0 0 0 0 0;
Flange1-Lock 0 16 0 0 0 0 0 0 0 0 0 0 0 0 0 0 0 0;
_Flange1--t4- 0 16 0 0 0 0 0 0 0 0 0 0 0 0 0 0 0 0;
Flange1-1/4 0 16 0 0 0 0 0 0 0 0 0 0 0 0 0 0 0 0;
_Flange1--t3- 0 16 0 0 0 0 0 0 0 0 0 0 0 0 0 0 0 0;
Flange1-1/3 0 16 0 0 0 0 0 0 0 0 0 0 0 0 0 0 0 0;
_Flange1--t2- 0 16 0 0 0 0 0 0 0 0 0 0 0 0 0 0 0 0;
Flange1-1/2 0 16 0 0 0 0 0 0 0 0 0 0 0 0 0 0 0 0;
_Flange1--t1- 0 16 0 0 0 0 0 0 0 0 0 0 0 0 0 0 0 0;
Flange1-1/1 0 16 0 0 0 0 0 0 0 0 0 0 0 0 0 0 0 0;
_Flange1-Decay 0 16 0 0 0 0 0 0 0 0 0 0 0 0 0 0 0 0;
Flange1-Effet 0.323232 16 0.323232 0.323232 0 0 0 0 0 0 0 0 0 0 0 0
0 0;
Disto1-SETTINGFILE BASE 0 _;
_Disto1-DecayM 0.646465 16 0.646465 0 0 0 0 0 0 0 0 0 0 0 0 0 0 0;
Disto1-DecayM 0.646465 16 0.646465 0.646465 0 0 0 0 0 0 0 0 0 0 0 0
0 0;
_Disto1-DecayR 0.474747 16 0.474747 0 0 0 0 0 0 0 0 0 0 0 0 0 0 0;
Disto1-DecayR 0.474747 16 0.474747 0.474747 0 0 0 0 0 0 0 0 0 0 0 0
0 0;
_Disto1-Filtre 0.616162 16 0.616162 0 0 0 0 0 0 0 0 0 0 0 0 0 0 0;
Disto1-Filtre 0.616162 16 0.616162 0.616162 0 0 0 0 0 0 0 0 0 0 0 0
0 0;
_Disto1-Volume 1 16 1 0 0 0 0 0 0 0 0 0 0 0 0 0 0 0;
Disto1-Volume 1 16 1 1 0 0 0 0 0 0 0 0 0 0 0 0 0 0;
_Disto1--lv- 0 16 0 0 0 0 0 0 0 0 0 0 0 0 0 0 0 0;
Disto1-lv 0 16 0 0 0 0 0 0 0 0 0 0 0 0 0 0 0 0;
_Disto1--lr- 0 16 0 0 0 0 0 0 0 0 0 0 0 0 0 0 0 0;
Disto1-lr 0 16 0 0 0 0 0 0 0 0 0 0 0 0 0 0 0 0;
_Disto1--lR- 0 16 0 0 0 0 0 0 0 0 0 0 0 0 0 0 0 0;
Disto1-lR 0 16 0 0 0 0 0 0 0 0 0 0 0 0 0 0 0 0;
_Disto1--l4- 0 16 0 0 0 0 0 0 0 0 0 0 0 0 0 0 0 0;
Disto1-l4 0 16 0 0 0 0 0 0 0 0 0 0 0 0 0 0 0 0;
_Disto1--l3- 0 16 0 0 0 0 0 0 0 0 0 0 0 0 0 0 0 0;
Disto1-l3 0 16 0 0 0 0 0 0 0 0 0 0 0 0 0 0 0 0;
_Disto1--l2- 0 16 0 0 0 0 0 0 0 0 0 0 0 0 0 0 0 0;
Disto1-l2 0 16 0 0 0 0 0 0 0 0 0 0 0 0 0 0 0 0;
_Disto1--l1- 0 16 0 0 0 0 0 0 0 0 0 0 0 0 0 0 0 0;
Disto1-l1 0 16 0 0 0 0 0 0 0 0 0 0 0 0 0 0 0 0;
_Disto1--tL- 0 16 0 0 0 0 0 0 0 0 0 0 0 0 0 0 0 0;
Disto1-Lock 0 16 0 0 0 0 0 0 0 0 0 0 0 0 0 0 0 0;
_Disto1--t4- 0 16 0 0 0 0 0 0 0 0 0 0 0 0 0 0 0 0;
Disto1-1/4 0 16 0 0 0 0 0 0 0 0 0 0 0 0 0 0 0 0;
_Disto1--t3- 0 16 0 0 0 0 0 0 0 0 0 0 0 0 0 0 0 0;
Disto1-1/3 0 16 0 0 0 0 0 0 0 0 0 0 0 0 0 0 0 0;
_Disto1--t2- 0 16 0 0 0 0 0 0 0 0 0 0 0 0 0 0 0 0;
Disto1-1/2 0 16 0 0 0 0 0 0 0 0 0 0 0 0 0 0 0 0;
_Disto1--t1- 0 16 0 0 0 0 0 0 0 0 0 0 0 0 0 0 0 0;
Disto1-1/1 0 16 0 0 0 0 0 0 0 0 0 0 0 0 0 0 0 0;
_Disto1-Decay 0.535354 16 0.535354 0 0 0 0 0 0 0 0 0 0 0 0 0 0 0;
Disto1-Effet 0.343434 16 0.343434 0.343434 0 0 0 0 0 0 0 0 0 0 0 0
0 0;
Voco1-SETTINGFILE BASE 0 _;
_Voco1-Reverb 0 16 0 0 0 0 0 0 0 0 0 0 0 0 0 0 0 0;
Voco1-Volume 1 16 1 1 0 0 0 0 0 0 0 0 0 0 0 0 0 0;
_Voco1-Dir-in 0 16 0 0 0 0 0 0 0 0 0 0 0 0 0 0 0 0;
Voco1-Effet 0.181818 16 0.181818 0.181818 0 0 0 0 0 0 0 0 0 0 0 0 0
0;
_Voco1--lv- 0 16 0 0 0 0 0 0 0 0 0 0 0 0 0 0 0 0;
Voco1-lv 0 16 0 0 0 0 0 0 0 0 0 0 0 0 0 0 0 0;
_Voco1--lr- 0 16 0 0 0 0 0 0 0 0 0 0 0 0 0 0 0 0;
Voco1-lr 0 16 0 0 0 0 0 0 0 0 0 0 0 0 0 0 0 0;
_Voco1--lR- 0 16 0 0 0 0 0 0 0 0 0 0 0 0 0 0 0 0;
Voco1-lR 0 16 0 0 0 0 0 0 0 0 0 0 0 0 0 0 0 0;
_Voco1--l4- 0 16 0 0 0 0 0 0 0 0 0 0 0 0 0 0 0 0;
Voco1-l4 0 16 0 0 0 0 0 0 0 0 0 0 0 0 0 0 0 0;
_Voco1--l3- 0 16 0 0 0 0 0 0 0 0 0 0 0 0 0 0 0 0;
Voco1-l3 0 16 0 0 0 0 0 0 0 0 0 0 0 0 0 0 0 0;
_Voco1--l2- 0 16 0 0 0 0 0 0 0 0 0 0 0 0 0 0 0 0;
Voco1-l2 0 16 0 0 0 0 0 0 0 0 0 0 0 0 0 0 0 0;
_Voco1--l1- 0 16 0 0 0 0 0 0 0 0 0 0 0 0 0 0 0 0;
Voco1-l1 0 16 0 0 0 0 0 0 0 0 0 0 0 0 0 0 0 0;
_Voco1-Phrases_vitesse 0 16 0 0 0 0 0 0 0 0 0 0 0 0 0 0 0 0;
Voco1-Phrases 0.50505 16 0.50505 0.50505 0 0 0 0 0 0 0 0 0 0 0 0 0
0;
_Voco1-Note_adjust 1 16 1 0 0 0 0 0 0 0 0 0 0 0 0 0 0 0;
Voco1-Note 0.428889 16 0.428889 0.428889 0 0 0 0 0 0 0 0 0 0 0 0 0
0;
_Voco1--t4- 0 16 0 0 0 0 0 0 0 0 0 0 0 0 0 0 0 0;
Voco1-N8 0 16 0 0 0 0 0 0 0 0 0 0 0 0 0 0 0 0;
_Voco1--t3- 0 16 0 0 0 0 0 0 0 0 0 0 0 0 0 0 0 0;
Voco1-N4 0 16 0 0 0 0 0 0 0 0 0 0 0 0 0 0 0 0;
_Voco1--tL- 0 16 0 0 0 0 0 0 0 0 0 0 0 0 0 0 0 0;
Voco1-Rec 0 16 0 0 0 0 0 0 0 0 0 0 0 0 0 0 0 0;
_Voco1--t2- 0 16 0 0 0 0 0 0 0 0 0 0 0 0 0 0 0 0;
Voco1-N2 0 16 0 0 0 0 0 0 0 0 0 0 0 0 0 0 0 0;
_Voco1--t1- 0 16 0 0 0 0 0 0 0 0 0 0 0 0 0 0 0 0;
Voco1-N1 1 16 1 1 0 0 0 0 0 0 0 0 0 0 0 0 0 0;
_Voco1-Reverb_max 1 16 1 0 0 0 0 0 0 0 0 0 0 0 0 0 0 0;
Voco1-Reverb 0 16 0 0 0 0 0 0 0 0 0 0 0 0 0 0 0 0;
4sample1-SETTINGFILE BASE2 0 _;
_4sample1-Rec4 0 16 0 0 0 0 0 0 0 0 0 0 0 0 0 0 0 0;
4sample1-s4 0 16 0 0 0 0 0 0 0 0 0 0 0 0 0 0 0 0;
_4sample1-Rec3 0 16 0 0 0 0 0 0 0 0 0 0 0 0 0 0 0 0;
4sample1-s3 0 16 0 0 0 0 0 0 0 0 0 0 0 0 0 0 0 0;
_4sample1-Rec2 0 16 0 0 0 0 0 0 0 0 0 0 0 0 0 0 0 0;
4sample1-s2 0 16 0 0 0 0 0 0 0 0 0 0 0 0 0 0 0 0;
_4sample1-Rec1 0 16 0 0 0 0 0 0 0 0 0 0 0 0 0 0 0 0;
4sample1-s1 0 16 0 0 0 0 0 0 0 0 0 0 0 0 0 0 0 0;
_4sample1-Vitesse 0 16 0 0 0 0 0 0 0 0 0 0 0 0 0 0 0 0;
4sample1-Vitesse 0 16 0 0.351648 0 0 0 0 0 0 0 0 0 0 0 0 0 0;
_4sample1-Phrases 0 16 0 0 0 0 0 0 0 0 0 0 0 0 0 0 0 0;
4sample1-Phrases 0 16 0 0.131313 0 0 0 0 0 0 0 0 0 0 0 0 0 0;
_4sample1--lv- 0 16 0 0 0 0 0 0 0 0 0 0 0 0 0 0 0 0;
4sample1-lv 0 16 0 0 0 0 0 0 0 0 0 0 0 0 0 0 0 0;
_4sample1--lr- 0 16 0 0 0 0 0 0 0 0 0 0 0 0 0 0 0 0;
4sample1-lr 0 16 0 0 0 0 0 0 0 0 0 0 0 0 0 0 0 0;
_4sample1--lR- 0 16 0 0 0 0 0 0 0 0 0 0 0 0 0 0 0 0;
4sample1-lR 0 16 0 0 0 0 0 0 0 0 0 0 0 0 0 0 0 0;
_4sample1--l4- 1 16 1 0 0 0 0 0 0 0 0 0 0 0 0 0 0 0;
4sample1-l4 1 16 1 1 0 0 0 0 0 0 0 0 0 0 0 0 0 0;
_4sample1--l3- 0 16 0 0 0 0 0 0 0 0 0 0 0 0 0 0 0 0;
4sample1-l3 0 16 0 0 0 0 0 0 0 0 0 0 0 0 0 0 0 0;
_4sample1--l2- 1 16 1 0 0 0 0 0 0 0 0 0 0 0 0 0 0 0;
4sample1-l2 0 16 0 0 0 0 0 0 0 0 0 0 0 0 0 0 0 0;
_4sample1--l1- 0 16 0 0 0 0 0 0 0 0 0 0 0 0 0 0 0 0;
4sample1-l1 0 16 0 0 0 0 0 0 0 0 0 0 0 0 0 0 0 0;
_4sample1--tR- 0 16 0 0 0 0 0 0 0 0 0 0 0 0 0 0 0 0;
4sample1-REC 0 16 0 0 0 0 0 0 0 0 0 0 0 0 0 0 0 0;
_4sample1-Volume_max 1 16 1 0 0 0 0 0 0 0 0 0 0 0 0 0 0 0;
4sample1-Volume 1 16 1 0.74188 0 0 0 0 0 0 0 0 0 0 0 0 0 0;
_4sample1-Reverb_max 0 16 0 0 0 0 0 0 0 0 0 0 0 0 0 0 0 0;
4sample1-Reverb 0.474237 16 0.474725 0 0 0 0 0 0 0 0 0 0 0 0 0 0 0
;
_4sample1-Dir-in 1 16 1 0 0 0 0 0 0 0 0 0 0 0 0 0 0 0;
4sample1-Effet 0.0590965 16 0.0590965 0 0 0 0 0 0 0 0 0 0 0 0 0 0 0
;
Poly1-SETTINGFILE BASE 0 _;
_Poly1-Volume 0.990478 16 0.990478 0 0 0 0 0 0 0 0 0 0 0 0 0 0 0;
Poly1-Volume 0.990478 16 0.990478 1 0 0 0 0 0 0 0 0 0 0 0 0 0 0;
_Poly1-Reverb 0 16 0 0 0 0 0 0 0 0 0 0 0 0 0 0 0 0;
Poly1-Reverb 0 16 0 0 0 0 0 0 0 0 0 0 0 0 0 0 0 0;
_Poly1--lv- 0 16 0 0 0 0 0 0 0 0 0 0 0 0 0 0 0 0;
Poly1-lv 0 16 0 0 0 0 0 0 0 0 0 0 0 0 0 0 0 0;
_Poly1--lr- 0 16 0 0 0 0 0 0 0 0 0 0 0 0 0 0 0 0;
Poly1-lr 0 16 0 0 0 0 0 0 0 0 0 0 0 0 0 0 0 0;
_Poly1--lR- 0 16 0 0 0 0 0 0 0 0 0 0 0 0 0 0 0 0;
Poly1-lR 0 16 0 0 0 0 0 0 0 0 0 0 0 0 0 0 0 0;
_Poly1--l4- 0 16 0 0 0 0 0 0 0 0 0 0 0 0 0 0 0 0;
Poly1-l4 0 16 0 0 0 0 0 0 0 0 0 0 0 0 0 0 0 0;
_Poly1--l3- 0 16 0 0 0 0 0 0 0 0 0 0 0 0 0 0 0 0;
Poly1-l3 0 16 0 0 0 0 0 0 0 0 0 0 0 0 0 0 0 0;
_Poly1--l2- 0 16 0 0 0 0 0 0 0 0 0 0 0 0 0 0 0 0;
Poly1-l2 0 16 0 0 0 0 0 0 0 0 0 0 0 0 0 0 0 0;
_Poly1--l1- 0 16 0 0 0 0 0 0 0 0 0 0 0 0 0 0 0 0;
Poly1-l1 0 16 0 0 0 0 0 0 0 0 0 0 0 0 0 0 0 0;
_Poly1-Phrases_vitesse 0.262626 16 0.262626 0 0 0 0 0 0 0 0 0 0 0 0
0 0 0;
Poly1-Phrases 0.579015 16 0.579015 0.40404 0 0 0 0 0 0 0 0 0 0 0 0
0 0;
_Poly1-Note_adjust 0.0788012 16 0.0788012 0 0 0 0 0 0 0 0 0 0 0 0 0
0 0;
Poly1-Note 0.689617 16 0.689617 0.616162 0 0 0 0 0 0 0 0 0 0 0 0 0
0;
_Poly1--t4- 0 16 0 0 0 0 0 0 0 0 0 0 0 0 0 0 0 0;
Poly1-N8 0 16 0 0 0 0 0 0 0 0 0 0 0 0 0 0 0 0;
_Poly1--t3- 0 16 0 0 0 0 0 0 0 0 0 0 0 0 0 0 0 0;
Poly1-N4 0 16 0 0 0 0 0 0 0 0 0 0 0 0 0 0 0 0;
_Poly1--tL- 0 16 0 0 0 0 0 0 0 0 0 0 0 0 0 0 0 0;
Poly1-Rec 0 16 0 0 0 0 0 0 0 0 0 0 0 0 0 0 0 0;
_Poly1--t2- 0 16 0 0 0 0 0 0 0 0 0 0 0 0 0 0 0 0;
Poly1-N2 0 16 0 0 0 0 0 0 0 0 0 0 0 0 0 0 0 0;
_Poly1--t1- 0 16 0 0 0 0 0 0 0 0 0 0 0 0 0 0 0 0;
Poly1-N1 0 16 0 0 0 0 0 0 0 0 0 0 0 0 0 0 0 0;
_Poly1-Decay 0.646465 16 0.646465 0 0 0 0 0 0 0 0 0 0 0 0 0 0 0;
Poly1-Effet 0.49881 16 0.49881 0 0 0 0 0 0 0 0 0 0 0 0 0 0 0;
Rhodey1-SETTINGFILE BASE 0 _;
_Rhodey1-Volume 0.851981 16 0.851981 0 0 0 0 0 0 0 0 0 0 0 0 0 0 0
;
Rhodey1-Volume 0.851981 16 0.851981 0 0 0 0 0 0 0 0 0 0 0 0 0 0 0;
_Rhodey1-Reverb 1 16 1 0 0 0 0 0 0 0 0 0 0 0 0 0 0 0;
Rhodey1-Reverb 1 16 1 0 0 0 0 0 0 0 0 0 0 0 0 0 0 0;
_Rhodey1--lv- 0 16 0 0 0 0 0 0 0 0 0 0 0 0 0 0 0 0;
Rhodey1-lv 0 16 0 0 0 0 0 0 0 0 0 0 0 0 0 0 0 0;
_Rhodey1--lr- 0 16 0 0 0 0 0 0 0 0 0 0 0 0 0 0 0 0;
Rhodey1-lr 0 16 0 0 0 0 0 0 0 0 0 0 0 0 0 0 0 0;
_Rhodey1--lR- 0 16 0 0 0 0 0 0 0 0 0 0 0 0 0 0 0 0;
Rhodey1-lR 0 16 0 0 0 0 0 0 0 0 0 0 0 0 0 0 0 0;
_Rhodey1--l4- 0 16 0 0 0 0 0 0 0 0 0 0 0 0 0 0 0 0;
Rhodey1-l4 0 16 0 0 0 0 0 0 0 0 0 0 0 0 0 0 0 0;
_Rhodey1--l3- 0 16 0 0 0 0 0 0 0 0 0 0 0 0 0 0 0 0;
Rhodey1-l3 0 16 0 0 0 0 0 0 0 0 0 0 0 0 0 0 0 0;
_Rhodey1--l2- 0 16 0 0 0 0 0 0 0 0 0 0 0 0 0 0 0 0;
Rhodey1-l2 0 16 0 0 0 0 0 0 0 0 0 0 0 0 0 0 0 0;
_Rhodey1--l1- 0 16 0 0 0 0 0 0 0 0 0 0 0 0 0 0 0 0;
Rhodey1-l1 0 16 0 0 0 0 0 0 0 0 0 0 0 0 0 0 0 0;
_Rhodey1-Phrases_vitesse 0.873283 16 0.873283 0 0 0 0 0 0 0 0 0 0 0
0 0 0 0;
Rhodey1-Phrases 0.0515168 16 0.0515168 0.545455 0 0 0 0 0 0 0 0 0 0
0 0 0 0;
_Rhodey1-Note_adjust 1 16 1 0 0 0 0 0 0 0 0 0 0 0 0 0 0 0;
Rhodey1-Note 0.109931 16 0.109931 0.333333 0 0 0 0 0 0 0 0 0 0 0 0
0 0;
_Rhodey1--t4- 0 16 0 0 0 0 0 0 0 0 0 0 0 0 0 0 0 0;
Rhodey1-N8 0 16 0 0 0 0 0 0 0 0 0 0 0 0 0 0 0 0;
_Rhodey1--t3- 0 16 0 0 0 0 0 0 0 0 0 0 0 0 0 0 0 0;
Rhodey1-N4 0 16 0 0 0 0 0 0 0 0 0 0 0 0 0 0 0 0;
_Rhodey1--tL- 0 16 0 0 0 0 0 0 0 0 0 0 0 0 0 0 0 0;
Rhodey1-Rec 0 16 0 0 0 0 0 0 0 0 0 0 0 0 0 0 0 0;
_Rhodey1--t2- 0 16 0 0 0 0 0 0 0 0 0 0 0 0 0 0 0 0;
Rhodey1-N2 0 16 0 0 0 0 0 0 0 0 0 0 0 0 0 0 0 0;
_Rhodey1--t1- 0 16 0 0 0 0 0 0 0 0 0 0 0 0 0 0 0 0;
Rhodey1-N1 0 16 0 0 0 0 0 0 0 0 0 0 0 0 0 0 0 0;
_Rhodey1-Decay 0.646465 16 0.646465 0 0 0 0 0 0 0 0 0 0 0 0 0 0 0;
Rhodey1-Effet 0.937374 16 0.937374 0.565657 0 0 0 0 0 0 0 0 0 0 0 0
0 0;
BassR1-SETTINGFILE BASE 0 _;
_BassR1-Vitesse 0.247818 16 0.247818 0 0 0 0 0 0 0 0 0 0 0 0 0 0 0
;
BassR1-Phrases 0.317768 16 0.317768 0 0 0 0 0 0 0 0 0 0 0 0 0 0 0;
_BassR1-Reverb 0 16 0 0 0 0 0 0 0 0 0 0 0 0 0 0 0 0;
BassR1-Reverb 0 16 0 0 0 0 0 0 0 0 0 0 0 0 0 0 0 0;
_BassR1-Volume 0.477751 16 0.477751 0 0 0 0 0 0 0 0 0 0 0 0 0 0 0;
BassR1-Volume 0.477751 16 0.477751 0.540404 0 0 0 0 0 0 0 0 0 0 0 0
0 0;
_BassR1--l4- 1 16 1 0 0 0 0 0 0 0 0 0 0 0 0 0 0 0;
BassR1-l4 0 16 0 0 0 0 0 0 0 0 0 0 0 0 0 0 0 0;
_BassR1--l3- 0 16 0 0 0 0 0 0 0 0 0 0 0 0 0 0 0 0;
BassR1-l3 0 16 0 0 0 0 0 0 0 0 0 0 0 0 0 0 0 0;
_BassR1--l2- 1 16 1 0 0 0 0 0 0 0 0 0 0 0 0 0 0 0;
BassR1-l2 0 16 0 0 0 0 0 0 0 0 0 0 0 0 0 0 0 0;
_BassR1--l1- 1 16 1 0 0 0 0 0 0 0 0 0 0 0 0 0 0 0;
BassR1-l1 0 16 0 0 0 0 0 0 0 0 0 0 0 0 0 0 0 0;
_BassR1--t4- 0 16 0 0 0 0 0 0 0 0 0 0 0 0 0 0 0 0;
BassR1-1/1 0 16 0 0 0 0 0 0 0 0 0 0 0 0 0 0 0 0;
_BassR1--t3- 0 16 0 0 0 0 0 0 0 0 0 0 0 0 0 0 0 0;
BassR1-1/2 0 16 0 0 0 0 0 0 0 0 0 0 0 0 0 0 0 0;
_BassR1--t2- 0 16 0 0 0 0 0 0 0 0 0 0 0 0 0 0 0 0;
BassR1-1/3 0 16 0 0 0 0 0 0 0 0 0 0 0 0 0 0 0 0;
_BassR1--t1- 0 16 0 0 0 0 0 0 0 0 0 0 0 0 0 0 0 0;
BassR1-1/4 0 16 0 0 0 0 0 0 0 0 0 0 0 0 0 0 0 0;
_BassR1-Note_adjust 1 16 1 0 0 0 0 0 0 0 0 0 0 0 0 0 0 0;
BassR1-Note 0.115791 16 0.115791 0.264242 0 0 0 0 0 0 0 0 0 0 0 0 0
0;
_BassR1--lv- 0 16 0 0 0 0 0 0 0 0 0 0 0 0 0 0 0 0;
BassR1-lv 0 16 0 0 0 0 0 0 0 0 0 0 0 0 0 0 0 0;
_BassR1--lr- 0 16 0 0 0 0 0 0 0 0 0 0 0 0 0 0 0 0;
BassR1-lr 0 16 0 0 0 0 0 0 0 0 0 0 0 0 0 0 0 0;
_BassR1--lR- 0 16 0 0 0 0 0 0 0 0 0 0 0 0 0 0 0 0;
BassR1-lR 0 16 0 0 0 0 0 0 0 0 0 0 0 0 0 0 0 0;
_BassR1--tL- 0 16 0 0 0 0 0 0 0 0 0 0 0 0 0 0 0 0;
BassR1-Lock 0 16 0 0 0 0 0 0 0 0 0 0 0 0 0 0 0 0;
_BassR1-Decay 0.294085 16 0.294085 0 0 0 0 0 0 0 0 0 0 0 0 0 0 0;
BassR1-Effet 0.797839 16 0.797839 1 0 0 0 0 0 0 0 0 0 0 0 0 0 0;
Pingnip1-SETTINGFILE BASE 0 _;
_Pingnip1--lv- 0 16 0 0 0 0 0 0 0 0 0 0 0 0 0 0 0 0;
Pingnip1-lv 0 16 0 0 0 0 0 0 0 0 0 0 0 0 0 0 0 0;
_Pingnip1--lr- 0 16 0 0 0 0 0 0 0 0 0 0 0 0 0 0 0 0;
Pingnip1-lr 0 16 0 0 0 0 0 0 0 0 0 0 0 0 0 0 0 0;
_Pingnip1--lR- 0 16 0 0 0 0 0 0 0 0 0 0 0 0 0 0 0 0;
Pingnip1-lR 0 16 0 0 0 0 0 0 0 0 0 0 0 0 0 0 0 0;
_Pingnip1--l4- 0 16 0 0 0 0 0 0 0 0 0 0 0 0 0 0 0 0;
Pingnip1-l4 0 16 0 0 0 0 0 0 0 0 0 0 0 0 0 0 0 0;
_Pingnip1--l3- 0 16 0 0 0 0 0 0 0 0 0 0 0 0 0 0 0 0;
Pingnip1-l3 1 16 1 1 0 0 0 0 0 0 0 0 0 0 0 0 0 0;
_Pingnip1--l2- 0 16 0 0 0 0 0 0 0 0 0 0 0 0 0 0 0 0;
Pingnip1-l2 1 16 1 1 0 0 0 0 0 0 0 0 0 0 0 0 0 0;
_Pingnip1--l1- 0 16 0 0 0 0 0 0 0 0 0 0 0 0 0 0 0 0;
Pingnip1-l1 1 16 1 1 0 0 0 0 0 0 0 0 0 0 0 0 0 0;
_Pingnip1--tR- 0 16 0 0 0 0 0 0 0 0 0 0 0 0 0 0 0 0;
Pingnip1-REC 0 16 0 0 0 0 0 0 0 0 0 0 0 0 0 0 0 0;
_Pingnip1--t4- 0 16 0 0 0 0 0 0 0 0 0 0 0 0 0 0 0 0;
Pingnip1-tOver 0 16 0 0 0 0 0 0 0 0 0 0 0 0 0 0 0 0;
_Pingnip1--t3- 0 16 0 0 0 0 0 0 0 0 0 0 0 0 0 0 0 0;
Pingnip1-Ajoute 0 16 0 0 0 0 0 0 0 0 0 0 0 0 0 0 0 0;
_Pingnip1--t2- 0 16 0 0 0 0 0 0 0 0 0 0 0 0 0 0 0 0;
Pingnip1-1way 0 16 0 0 0 0 0 0 0 0 0 0 0 0 0 0 0 0;
_Pingnip1--t1- 0 16 0 0 0 0 0 0 0 0 0 0 0 0 0 0 0 0;
Pingnip1-Recloop 0 16 0 1 0 0 0 0 0 0 0 0 0 0 0 0 0 0;
_Pingnip1-Volume_max 0.684646 16 0.684646 0 0 0 0 0 0 0 0 0 0 0 0 0
0 0;
Pingnip1-Volume 0.570202 16 0.570202 0.570202 0 0 0 0 0 0 0 0 0 0 0
0 0 0;
_Pingnip1-Reverb_max 1 16 1 0 0 0 0 0 0 0 0 0 0 0 0 0 0 0;
Pingnip1-Reverb 1 16 1 1 0 0 0 0 0 0 0 0 0 0 0 0 0 0;
_Pingnip1-Dir-in 0.623333 16 0.623333 0 0 0 0 0 0 0 0 0 0 0 0 0 0 0
;
Pingnip1-Effet 0 16 0 0 0 0 0 0 0 0 0 0 0 0 0 0 0 0;
_Pingnip1-Feedback_max 1 16 1 0 0 0 0 0 0 0 0 0 0 0 0 0 0 0;
Pingnip1-Feedback 1 16 1 1 0 0 0 0 0 0 0 0 0 0 0 0 0 0;
_Pingnip1-Vitesse_max 1 16 1 0 0 0 0 0 0 0 0 0 0 0 0 0 0 0;
Pingnip1-Vitesse 0.640537 16 0.640537 0.640537 0 0 0 0 0 0 0 0 0 0
0 0 0 0;
Melodic1-SETTINGFILE BASE 0 _;
_Melodic1-Reverb 0 16 0 0 0 0 0 0 0 0 0 0 0 0 0 0 0 0;
Melodic1-Reverb 0 16 0 0 0 0 0 0 0 0 0 0 0 0 0 0 0 0;
_Melodic1-Volume 0.881157 16 0.881157 0 0 0 0 0 0 0 0 0 0 0 0 0 0 0
;
Melodic1-Volume 0.881157 16 0.881157 0.535354 0 0 0 0 0 0 0 0 0 0 0
0 0 0;
_Melodic1--lv- 0 16 0 0 0 0 0 0 0 0 0 0 0 0 0 0 0 0;
Melodic1-lv 0 16 0 0 0 0 0 0 0 0 0 0 0 0 0 0 0 0;
_Melodic1--lr- 0 16 0 0 0 0 0 0 0 0 0 0 0 0 0 0 0 0;
Melodic1-lr 0 16 0 0 0 0 0 0 0 0 0 0 0 0 0 0 0 0;
_Melodic1--lR- 0 16 0 0 0 0 0 0 0 0 0 0 0 0 0 0 0 0;
Melodic1-lR 0 16 0 0 0 0 0 0 0 0 0 0 0 0 0 0 0 0;
_Melodic1--l4- 0 16 0 0 0 0 0 0 0 0 0 0 0 0 0 0 0 0;
Melodic1-l4 0 16 0 0 0 0 0 0 0 0 0 0 0 0 0 0 0 0;
_Melodic1--l3- 0 16 0 0 0 0 0 0 0 0 0 0 0 0 0 0 0 0;
Melodic1-l3 0 16 0 0 0 0 0 0 0 0 0 0 0 0 0 0 0 0;
_Melodic1--l2- 0 16 0 0 0 0 0 0 0 0 0 0 0 0 0 0 0 0;
Melodic1-l2 0 16 0 0 0 0 0 0 0 0 0 0 0 0 0 0 0 0;
_Melodic1--l1- 0 16 0 0 0 0 0 0 0 0 0 0 0 0 0 0 0 0;
Melodic1-l1 0 16 0 0 0 0 0 0 0 0 0 0 0 0 0 0 0 0;
_Melodic1-Phrases_vitesse 1 16 1 0 0 0 0 0 0 0 0 0 0 0 0 0 0 0;
Melodic1-Phrases 0 16 0 0.151515 0 0 0 0 0 0 0 0 0 0 0 0 0 0;
_Melodic1-Note_adjust 1 16 1 0 0 0 0 0 0 0 0 0 0 0 0 0 0 0;
Melodic1-Note 0.762192 16 0.762192 0.535354 0 0 0 0 0 0 0 0 0 0 0 0
0 0;
_Melodic1--t4- 0 16 0 0 0 0 0 0 0 0 0 0 0 0 0 0 0 0;
Melodic1-N8 0 16 0 0 0 0 0 0 0 0 0 0 0 0 0 0 0 0;
_Melodic1--t3- 0 16 0 0 0 0 0 0 0 0 0 0 0 0 0 0 0 0;
Melodic1-N4 0 16 0 0 0 0 0 0 0 0 0 0 0 0 0 0 0 0;
_Melodic1--tL- 0 16 0 0 0 0 0 0 0 0 0 0 0 0 0 0 0 0;
Melodic1-Rec 0 16 0 0 0 0 0 0 0 0 0 0 0 0 0 0 0 0;
_Melodic1--t2- 0 16 0 0 0 0 0 0 0 0 0 0 0 0 0 0 0 0;
Melodic1-N2 0 16 0 0 0 0 0 0 0 0 0 0 0 0 0 0 0 0;
_Melodic1--t1- 0 16 0 0 0 0 0 0 0 0 0 0 0 0 0 0 0 0;
Melodic1-N1 0 16 0 1 0 0 0 0 0 0 0 0 0 0 0 0 0 0;
_Melodic1-Decay 1 16 1 0 0 0 0 0 0 0 0 0 0 0 0 0 0 0;
Melodic1-Effet 0.276384 16 0.276384 0.454545 0 0 0 0 0 0 0 0 0 0 0
0 0 0;
KEP0-SelectCache 10 16 10 0 0 0 0 0 0 0 0 0 0 0 0 0 0 0;
Hur2B-SelectCache 1 16 1 0 0 0 0 0 0 0 0 0 0 0 0 0 0 0;
Hur2A-SelectCache 0 16 0 14 0 0 0 0 0 0 0 0 0 0 0 0 0 0;
KEG4-SelectCache 0 16 0 0 0 0 0 0 0 0 0 0 0 0 0 0 0 0;
KEG2-SelectCache 0 16 0 0 0 0 0 0 0 0 0 0 0 0 0 0 0 0;
KEG5-SelectCache 0 16 0 0 0 0 0 0 0 0 0 0 0 0 0 0 0 0;
KEG3-SelectCache 0 16 0 0 0 0 0 0 0 0 0 0 0 0 0 0 0 0;
KEG6-SelectCache 0 16 0 0 0 0 0 0 0 0 0 0 0 0 0 0 0 0;
KEG1-SelectCache 0 16 0 0 0 0 0 0 0 0 0 0 0 0 0 0 0 0;
play 1 16 1 1 0 0 0 0 0 0 0 0 0 0 0 0 0 0;
song _ 16 symbol symbol _ _ _ _ _ _ _ _ _ _ _ _ _ _;
SYNCHRO SYNCHRO-g1f 1.49152 16 1.49152 0 0 0 0 0 0 0 0 0 0 0 0 0 0
0;
SYNCHRO SYNCHRO-bpm 77.9853 16 77.9853 96.295 96.2885 128.424 98.1657
96.2885 44.797 103.241 53.6686 96.2885 0 0 0 0 0 0;
SYNCHRO SYNCHRO-on_off 1 16 1 0 0 0 0 0 0 0 0 0 0 0 0 0 0 0;
