gamnum 0 16 0 0 0 0 0 0 0 0 0 0 0 0 0 0 0 0;
mute-reverse 1 16 0 0 0 0 0 0 0 0 0 0 0 0 0 0 0 0;
seq8 Step 681 0;
seq7 Step 661 0;
seq6 Step 581 0;
seq5 Step 293 0;
seq4 Step 985 0;
seq3 Step 305 0;
seq2 Step 201 0;
seq1 Step 469 0;
FX-patternMAX 15 0;
FX NoteBass 0.0909091 16 0.151515 0.262626 0.272727 0.323232 0.313131
0.323232 0.20202 0.171717 0.131313 0 0.050505 0 0.151515 0.141414 0.0909091
0.0909091;
FX Note_adjust 0.828283 16 1 0.727273 1 0 0 0.535354 0.787879 1 0.808081
1 0.909091 0 1 1 0.828283 0.828283;
FX Decay 1 16 1 1 1 1 1 1 1 1 1 1 1 1 1 1 1 1;
FX Reverb 0 16 0 0 0 0 0 0 0.161616 0 0 0 0 0.363636 0 0.20202 0 0
;
FX Tempo 0.181818 16 0.181818 0.181818 0.232323 0.161616 0.151515 0.191919
0.171717 0.434343 0.40404 0.444444 0.242424 0.20202 0.444444 0.676768
0.666667 0.666667;
FX STEPnumCtl 0.79798 16 0.757576 0.808081 0.777778 0.777778 0.818182
0.808081 0.737374 0.777778 0.808081 0.444444 0.767677 0.424242 0.444444
0.393939 0.454545 0.454545;
FX echo1 vol 0 16 0.777778 0.777778 0.777778 0.777778 0.777778 0.777778
0.676768 0 0 0 1 0.838384 0 0.777778 0 0;
FX echo1 filtre 0.888889 16 0 0 0 0 0 0 0.767677 0.767677 0.767677
0.767677 0.707071 0.888889 0.888889 0 0.888889 0.888889;
FX echo1 feed 0.79798 16 0 0 0 0 0 0 0.626263 0.626263 0.626263 0.626263
0.79798 0.79798 0.79798 0 0.79798 0.79798;
FX echo1 time 0.363636 16 1 1 1 1 1 1 1 1 1 1 0.363636 0.363636 0.363636
1 0.363636 0.363636;
FX rev1 tone 2 16 0.969697 0.969697 0.969697 0.969697 0.969697 0.969697
0.969697 1.37374 0.969697 0.969697 0.969697 2 2 0.969697 2 2;
FX rev1 time 0.743657 16 0.699986 0.699986 0.699986 0.699986 0.699986
0.699986 0.699986 1.06924 0.699986 0.699986 0.699986 1.84342 0.743657
0.699986 0.743657 0.743657;
FX rev1 vol 1 16 1 1 1 1 1 1 1 1 1 1 1 0.764706 1 1 1 1;
FX ortho1 mode 0 16 0 0 0 0 0 0 0 0 0 0 0 0 0 0 0 0;
FX ortho1 db 30 16 19.4949 15.5556 15.5556 27.3737 27.3737 27.3737
27.3737 27.3737 20.8081 20.8081 23.4343 30 30 19.4949 30 30;
FX ortho1 q 0.1 16 1.23167 1.23167 1.23167 0.617458 0.617458 0.617458
0.617458 0.617458 0.617458 0.617458 0.617458 0.617458 0.1 1.23167 0.1
0.1;
FX ortho1 f 63.9139 16 40.9038 67.9745 67.9745 107.227 118.055 65.2675
65.2675 49.0251 66.621 70.6816 95.0452 123.469 40.9038 40.9038 63.9139
63.9139;
FX disto1 disto 0.181818 16 0.224343 0.222323 0.188081 0.283535 0.424949
0.23303 0.142121 0.153838 0.194242 0.234646 1 1 0.141414 0.224343 0.181818
0.181818;
FX disto1 vol 0.0806061 16 0.149596 0.168283 0.221818 0.0618182 0.050404
0.0578788 0.312929 0.20697 0.139495 0.121414 0.0660606 0.0693939 0.158687
0.148182 0.0806061 0.0806061;
FX env2f 0 16 0 0 0 0 0 0 0 0 0 0 0 0 0 0 0 0;
FX f 0.30303 16 0.292929 0.292929 0.292929 0.292929 0.292929 0.292929
0.434343 0.333333 0.333333 0.292929 0.292929 0.292929 0.30303 0.292929
0.30303 0.30303;
FX r 1 16 0.737374 0.737374 0.737374 0.737374 0.737374 0.737374 0.737374
0.737374 0.737374 0.737374 0.737374 0.737374 0.737374 0.737374 1 1
;
FX a 0.141414 16 0.353535 0.353535 0.353535 0.353535 0.353535 0.353535
0.353535 0.353535 0.353535 0.353535 0.353535 0.353535 0.353535 0.353535
0.141414 0.141414;
FX volnoise 0 16 0 0 0 0 0 0 0 0 0 0 0 0 0 0 0 0;
FX cheb1 coef4 0.909091 16 1 1 1 1 1 1 1 1 1 1 1 1 0.909091 1 0.909091
0.909091;
FX cheb1 coef3 0.979798 16 0 0 0.929293 0.929293 0.929293 0.929293
0.929293 0.929293 0.929293 1 1 1 0.979798 0 0.979798 0.979798;
FX cheb1 coef2 0 16 1 1 0 0 0 0 0 0 0 0.838384 0.838384 0.838384 0
1 0 0;
FX cheb1 coef1 0 16 1 1 0.656566 0.656566 0.656566 0.656566 0.656566
0.656566 0.656566 0 0 0 0 1 0 0;
FX cheb1 vol 1 16 0.777778 0.777778 0.777778 0.777778 0.777778 0.777778
0.777778 0.777778 0.777778 0.858586 0.858586 0.858586 1 0.777778 1
1;
