FX-patternMAX 15 0;
FX denum 0 16 0 1 3 4 2 5 3 6 1 3 5 1 4 4 4 1;
FX vol 1 16 1 1 1 1 1 1 1 1 1 1 1 1 1 1 1 1;
FX palinmesure 0.0040404 16 0.0040404 1 1 1 2.4404 4 4 4 0 4 4 4 4
4 4 4;
FX constance 0 16 0 0 0 0 0 0 0 0 0 0 0 0 0 0 0 0;
FX pitch 0 16 0 0 0 0 0 0 0 0 0 0 0 0 0 0 0 0;
FX fragdenum 0.0040404 16 0.0040404 1 1 1 2.4404 1 1 1 1 3 3 0 0 1
3 0;
FX timemode 1 16 1 1 1 1 1.11919 2 2 2 2 2 2 2 2 2 2 2;
FX smooth 5.34118 16 5.34118 3.45445 3.45445 3.45445 0 0 0 0 0 0 0
0 0 0 0 0;
FX mode 0.0040404 16 0.0040404 1 1 1 2.4404 4 3 3 3 3 3 3 3 3 3 3;
FX amorti 0 16 0 0 0 0 0 0 0 0 0 0 0 0 0 0 0 0;
FX ortho1 mode 0 16 0 0 0 0 0 0 0 0 0 0 0 0 0 0 0 0;
FX ortho1 db -21.2121 16 -21.2121 -21.2121 -21.2121 -21.2121 27.3737
27.3737 27.3737 27.3737 27.3737 -0.20202 -0.00505051 27.3737 27.3737
-0.00505051 -0.00505051 -0.00505051;
FX ortho1 q 9.18094 16 9.18094 9.18094 9.18094 9.18094 9.18094 9.18094
9.18094 9.18094 9.18094 9.18094 9.18094 9.18094 9.18094 9.18094 9.18094
9.18094;
FX ortho1 f 23.0101 16 23.0101 23.0101 23.0101 23.0101 75.798 109.636
119.111 67.6768 55.4949 75.798 75.798 66.3232 113.697 75.798 98.8081
75.798;
FX VolAdj 0.79798 16 0.79798 0.79798 0.79798 0.79798 0.79798 0.79798
0.79798 0.79798 0.79798 0.79798 0.79798 0.79798 0.79798 0.79798 0.79798
0.79798;
FX Mul1 0.30303 16 0.30303 0.30303 0.30303 0.30303 0.30303 0.30303
0.30303 0.30303 0.30303 0.30303 0.30303 0.30303 0.30303 0.30303 0.30303
0.30303;
