gamnum 0 16 0 0 0 0 0 0 0 0 0 0 0 0 0 0 0 0;
mute-reverse 1 16 0 0 0 0 0 0 0 0 0 0 0 0 0 0 0 0;
seq8 Step 681 0;
seq7 Step 676 0;
seq6 Step 548 0;
seq5 Step 293 0;
seq4 Step 981 0;
seq3 Step 309 0;
seq2 Step 73 0;
seq1 Step 321 0;
FX-patternMAX 15 0;
FX Tempo 0.243838 16 0.243838 0.494949 0.424242 0.464646 0.707071 0.69697
0.666667 0.686869 0.737374 0.737374 0.666667 0.666667 0.737374 0.666667
0.656566 0.757576;
FX NoteBass 0.767677 16 0.767677 0.585859 1 0.666667 0.585859 0.484848
0 1 0.484848 1 0.131313 0 0.818182 0.0909091 0 0.454545;
FX Note_adjust 0.747475 16 0.747475 0.484848 0.727273 0 0.494949 0.343434
0 0.353535 0.717172 0.656566 0.666667 0 0.353535 0.0606061 0 0.393939
;
FX Decay 0.454545 16 0.454545 0.494949 0.161616 0.767677 0.565657 0.262626
0 0.414141 0.59596 0.383838 0.141414 0 0.50505 0.040404 0 0.262626
;
FX Reverb 0 16 0 0 0 0 0.121212 0 0 0 0 0 0 0 0.262626 0 0 0;
FX STEPnumCtl 0.410606 16 0.410606 0.424242 0.383838 0.40404 0.434343
0.454545 0.757576 0.757576 0.777778 0.434343 0.747475 0.424242 0.787879
0.787879 0.141414 0.787879;
FX echo1 vol 0.907374 16 0.907374 1 1 1 0.868687 1 1 1 0.868687 1 1
1 1 1 0.868687 1;
FX echo1 filtre 0 16 0 0 0 0 0 0 0 0 1 0.808081 0.787879 0.787879 0.858586
0.878788 0.656566 0;
FX echo1 feed 0 16 0 0 0 0 0 0 0 0 0.727273 0.939394 0.737374 0.737374
0.656566 0.79798 0.373737 0;
FX echo1 time 0.786465 16 0.786465 0.658889 0.3 0.658889 0.839899 0.658889
1 1 0.839899 0.658889 0.3 0.3 0.658889 0.658889 0.839899 1;
FX rev1 tone 0.0272727 16 0.0272727 0 1.71717 0 0.0385859 0 1.21212
0.727273 0.0385859 0 1.71717 1.71717 0 0 1.08909 1.21212;
FX rev1 time 0.786713 16 0.786713 0.658879 0.3 0.658879 0.839851 0.658879
1.73517 1.73517 0.839851 0.658879 0.3 0.3 0.658879 0.658879 0.839851
1.73517;
FX rev1 vol 0.907544 16 0.907544 1 1 1 0.868824 1 1 1 0.868824 1 1
1 1 1 0.868824 1;
FX ortho1 mode 0 16 0 0 0 0 0 0 0 0 0 0 0 0 0 0 0 0;
FX ortho1 db 15.6869 16 15.6869 16.8687 12.9293 -0.20202 15.201 16.8687
16.8687 16.8687 15.201 16.8687 3.73737 3.73737 -15.9596 16.8687 15.201
16.8687;
FX ortho1 q 7.60979 16 7.60979 11.48 18.4868 3.48303 5.99106 11.48
8.38744 5.91631 5.99106 11.48 18.4868 18.4868 11.48 40.2891 5.99106
8.38744;
FX ortho1 f 114.117 16 114.117 86.7345 79.8586 106.577 116.864 98.3073
70.0455 75.3242 59.2578 66.3232 81.2121 0.730909 71.0065 105.576 0.460202
0.852727;
FX disto1 disto 0.0862626 16 0.0862626 0.090101 0.105657 0.0880808
0.0854545 0.113939 0.101818 0.0979798 0.0887879 0.116364 0.104444 0.0937374
0.0741414 0.118081 0.0844444 0.102424;
FX disto1 vol 0.907374 16 0.907374 1 1 1 0.868687 1 1 1 0.868687 1
1 1 1 1 0.868687 1;
FX env2f 0.0191919 16 0.0191919 0.242424 0.791212 0.050505 0 0.242424
0.242424 0.686869 0 0.242424 0.791212 0.791212 0.151515 0.242424 0.979798
0.242424;
FX f 0.619495 16 0.619495 0.858586 0.887475 1 0.464646 0.858586 0.858586
0.323232 0.464646 0.858586 0.887475 0.737374 0.707071 0.858586 0.464646
0.858586;
FX r 0.902424 16 0.902424 0.151515 0.383838 1 0.888889 0.151515 0.151515
0 0.888889 0.151515 0.383838 0.383838 1 0.89899 0.888889 0.555556;
FX a 0.103535 16 0.103535 0 0.0691919 0 0.14697 0 0 0 0.14697 0 0.0691919
0.0691919 0 0.212121 0.14697 0;
FX volnoise 0.874747 16 0.874747 0.575758 0.206566 0.555556 1 0.575758
0.737374 0.707071 1 0.575758 0.206566 0.55 1 0.757576 1 0.949495;
FX cheb1 coef4 0.745758 16 0.745758 0.838384 0.515152 1 0.707071 0
0 0 0.707071 0.838384 0.515152 0.515152 0.949495 0 0.707071 0;
FX cheb1 coef3 0.272424 16 0.272424 0 0.959596 0.50505 0 0.616162 0.616162
0 0 0 0.959596 0.959596 0.646465 0.616162 0 0.777778;
FX cheb1 coef2 0.82202 16 0.82202 1 0.474343 1 0.747475 0.565657 0.565657
1 0.747475 1 0.474343 0.474343 0.717172 0.565657 0.747475 0.727273
;
FX cheb1 coef1 0.519697 16 0.519697 0 0 0.262626 0.737374 0.717172
0.717172 0 0 0 0 0 0.787879 0.717172 0.737374 0.717172;
FX cheb1 vol 0.907374 16 0.907374 1 1 1 0.868687 1 1 1 0.868687 1 1
1 1 1 0.868687 1;
