gamnum 0 16 0 0 0 0 0 0 0 0 0 0 0 0 0 0 0 0;
mute-reverse 1 16 0 0 0 0 0 0 0 0 0 0 0 0 0 0 0 0;
seq8 Step 675 0;
seq7 Step 521 0;
seq6 Step 725 0;
seq5 Step 289 0;
seq4 Step 853 0;
seq3 Step 309 0;
seq2 Step 81 0;
seq1 Step 341 0;
FX-patternMAX 15 0;
FX Tempo 0.454545 16 0.454545 0.478586 0.383838 0.20202 0.676768 0.454545
0.414141 0.424242 0.393939 0.464646 0.707071 0.646465 0.686869 0.737374
0.676768 0.717172;
FX NoteBass 0.535354 16 0 0.222222 0.494949 0 0.535354 0.535354 0.545455
0.818182 0.181818 0.888889 0.525253 0.474747 0.484848 0.535354 0.525253
0.434343;
FX Note_adjust 0.572424 16 1 1 1 1 1 0.515152 1 1 0.858586 0.616162
1 0.242424 0.121212 0 0.565657 0;
FX Decay 0.682525 16 0.315354 0.676768 0.606061 0.272727 0.424242 0.717172
0 0.636364 1 0.575758 0 0.124646 0.69697 0.535354 0.888889 0.575758
;
FX Reverb 0 16 0 0 0 0.0606061 0 0 0 0 0.525253 0.787879 0 0 0 0.393939
0 0;
FX STEPnumCtl 0.421818 16 0.389091 0.405556 0.373737 0.393939 0.40404
0.424242 0.777778 0.818182 0.757576 0.787879 0.767677 0.757576 0.737374
0.373737 0.747475 0.79798;
FX echo1 vol 0.565657 16 0.662424 0.648586 0.726162 0.565657 0.565657
0.565657 0 0.565657 1 0 0.515152 0.585859 0.868687 0.69697 1 0.949495
;
FX echo1 filtre 0 16 0 0 0 0 0 0 0 0 0.939394 0 0 1 1 0.888889 0.515152
0.626263;
FX echo1 feed 0 16 0 0 0 0 0 0 0 0 0.525253 0 0 0.606061 0.606061 0.868687
0.606061 0.686869;
FX echo1 time 1 16 0.577879 0.638283 0.3 1 1 1 0 1 0.818182 1 1 0.572727
0.636364 0.242424 0.717172 0.658889;
FX rev1 tone 1.0303 16 1.26808 1.1703 1.71717 0.585859 1.0303 1.0303
0 1.0303 0 0 0.969697 1.71717 0.484848 0.424242 1.0303 0;
FX rev1 time 1.28211 16 1.60485 1.88859 0.3 3.58709 1.28211 1.28211
0.3 1.28211 0.658879 0.947341 1.53735 0.3 3.17816 0.3 1.28211 0.658879
;
FX rev1 vol 0.565588 16 0.662428 0.648559 0.726177 0.565588 0.565588
0.565588 0 0.565588 1 0.588235 0.515294 0.726177 0.823529 0 0 1;
FX ortho1 mode 0 16 0 0 0 0 0 0 0 0 0 0 0 0 0 0 0 0;
FX ortho1 db 15.5556 16 1.67576 0.651515 6.36364 -5.45455 15.5556 15.5556
-100 15.5556 24.7475 30 15.5556 30 30 30 -100 30;
FX ortho1 q 11.8015 16 11.9057 10.9452 16.3056 5.21827 11.8015 11.8015
0.175939 11.8015 11.8015 0.579889 3.15811 16.3056 9.18094 9.18094 11.8015
1.35838;
FX ortho1 f 43.0154 16 57.2545 49.1063 94.7475 0.311313 39.4285 43.4891
36.5455 111.166 82.7822 77.4764 116.986 39.5097 86.6263 60.9091 46.1962
55.7115;
FX disto1 disto 0.272727 16 0.231818 0.239091 0.198182 0.282828 0.272727
0.272727 0.414141 0.272727 0.255556 0.191919 0.191919 0.563636 0.178687
0.161616 0.272727 0.171717;
FX disto1 vol 0.565657 16 0.662424 0.648586 0.726162 0.565657 0.565657
0.565657 0.424242 0.565657 0.121212 1 1 0.261515 1 1 0.565657 1;
FX env2f 0.477778 16 0.516869 0.476162 0.215455 0.161616 0.575758 0.464646
0 0.575758 0.545455 0.616162 0.313131 0 0 0 0.383838 0.545455;
FX f 0.278586 16 0.373232 0.364545 0.311717 0.313131 0.171717 0.292929
0.262626 0.171717 0.50505 0.292929 0.292929 0.34202 0.242424 0.242424
0.171717 0.343434;
FX r 0.292929 16 0.0609091 0.0522222 0.10101 0 0.292929 0.292929 0.333333
0 0 0.40404 0.40404 0 0.333333 0.333333 0.292929 0;
FX a 0.010101 16 0.0527273 0.0466667 0.0808081 0.010101 0.010101 0.010101
0 0.010101 0 0 0 0.050505 0 0 0.010101 0;
FX volnoise 0 16 0.0240404 0.0292929 0 0.0606061 0 0 0 0 0 0.0707071
0.111111 0.030303 0 0 0 0.010101;
FX cheb1 coef4 0.795152 16 0.439596 0.519899 0.525253 1 1 0.767677
0 0.727273 0.141414 0.434343 0.545455 0.393939 0.090404 0 1 0.616162
;
FX cheb1 coef3 0.149495 16 1 1 1 1 0.737374 0.0707071 0.858586 0.727273
0.626263 0 0.808081 0.838384 0.858586 0.858586 0.717172 0.808081;
FX cheb1 coef2 0 16 0.39697 0.483333 0 1 0 0 1 0.171717 0.393939 0.828283
0.686869 0.565657 0.950808 1 0 0.909091;
FX cheb1 coef1 1 16 0.39697 0.483333 0 1 1 1 0 1 0 1 1 1 0.235455 0
1 0;
FX cheb1 vol 0.565657 16 0.662424 0.648586 0.726162 0.565657 0.565657
0.565657 1 0.565657 1 1 1 0.726162 1 1 0.565657 1;
