FX-patternMAX 15 0;
FX denum 3 16 3 4 4 6 6 6 6 4 3 4 4 4 6 4 3 6;
FX vol 1 16 1 1 1 1 1 1 1 1 1 1 1 1 1 1 1 1;
FX palinmesure 0 16 0 0 0 4 4 4 4 4 4 0 0 4 4 2 1 1;
FX constance 33 16 33 33 0 33 0 0 0 0 0 0 0 50 50 50 20 20;
FX pitch 0 16 0 0 0 0 0 0 0 0 0 12 0 0 0 0 0 0;
FX fragdenum 3 16 3 3 3 3 3 3 3 3 3 0 0 0 0 0 3 3;
FX timemode 3 16 3 3 2 3 3 3 3 1 1 1 1 1 3 1 1 3;
FX smooth 5.34883 16 5.34883 5.34883 5.34883 5.34883 5.34883 5.34883
5.34883 5.34883 2 2 2 2 2 2 2 2;
FX mode 0 16 0 0 3 3 3 3 3 3 3 3 3 3 3 3 3 3;
FX amorti 0 16 0 0 0 0 0 0 0 0 0 0 0 0 0 0 0 0;
FX ortho1 mode 0 16 0 0 0 0 0 0 0 0 0 0 0 0 0 0 0 0;
FX ortho1 db -21.2121 16 -21.2121 -21.2121 -21.2121 -21.2121 30 30
30 30 30 -8.08081 -8.08081 -8.08081 30 30 30 30;
FX ortho1 q 9.18094 16 9.18094 9.18094 9.18094 9.18094 9.18094 9.18094
9.18094 4.05954 4.05954 4.05954 4.05954 4.05954 4.05954 4.05954 4.05954
4.05954;
FX ortho1 f 23.0101 16 23.0101 23.0101 23.0101 23.0101 60.9091 123.172
123.172 43.3131 43.3131 43.3131 43.3131 43.3131 47.3737 128.586 128.586
128.586;
FX VolAdj 0.79798 16 0.79798 0.79798 0.79798 0.79798 0.79798 0.79798
0.79798 0.79798 0.79798 0.79798 0.79798 0.79798 0.79798 0.79798 0.79798
0.79798;
FX Mul1 0.30303 16 0.30303 0.30303 0.30303 0.30303 0.30303 0.30303
0.30303 0.30303 0.30303 0.30303 0.30303 0.30303 0.30303 0.30303 0.30303
0.30303;
