gamnum 0 16 0 0 0 0 0 0 0 0 0 0 0 0 0 0 0 0;
mute-reverse 1 16 0 0 0 0 0 0 0 0 0 0 0 0 0 0 0 0;
seq8 Step 661 0;
seq7 Step 658 0;
seq6 Step 618 0;
seq5 Step 292 0;
seq4 Step 838 0;
seq3 Step 436 0;
seq2 Step 148 0;
seq1 Step 324 0;
FX-patternMAX 15 0;
FX NoteBass 0.534646 16 0.525253 1 0.525253 0.646465 0.727273 0.878788
1 0.838384 0.555556 0.636364 0.808081 0.616162 0.606061 0.545455 0.525253
0.0707071;
FX Note_adjust 1 16 1 1 0 0 1 0.686869 1 1 0.494949 0 0.727273 0.666667
0.707071 0.747475 0 0.666667;
FX Decay 0.332525 16 0.333333 0.292929 0.353535 0.191919 0.252525 0.262626
0.50505 0.606061 0.828283 0.282828 0.181818 0.20202 0.323232 0.848485
0.515152 0.343434;
FX Reverb 0.00434343 16 0 0.222222 0 0.161616 0 0.222222 0.232323 0.282828
0 0 0.20202 0.545455 0 0 0 0.757576;
FX Tempo 0.222626 16 0.222222 0.242424 0.212121 0.20202 0.414141 0.383838
0.444444 0.484848 0.444444 0.474747 0.393939 0.464646 0.757576 0.656566
0.919192 0.40404;
FX STEPnumCtl 0.423838 16 0.424242 0.40404 0.383838 0.40404 0.424242
0.424242 0.40404 0.454545 0.808081 0.767677 0.767677 0.777778 0.79798
0.79798 0.787879 0.808081;
FX echo1 vol 0.524747 16 0.515152 1 0.726162 0.565657 0.393939 0.89899
0 0.494949 0.494949 0 0.767677 0 0.69697 1 1 0;
FX echo1 filtre 0 16 0 0 0 0 0 0.878788 0 1 1 0 0.858586 0 1 1 0 1
;
FX echo1 feed 0 16 0 0 0 0 0 0.474747 0 0.717172 0.737374 0 0.676768
0 0.767677 0.686869 0 0.808081;
FX echo1 time 0.993232 16 1 0.658889 0.3 0.7 1 0.626263 0 0.414141
0.555556 0 0.717172 0 0.777778 0.656566 0.658889 0.565657;
FX rev1 tone 0.439798 16 0.424242 1.21212 1.71717 0.0808081 1.65657
1.11111 1.29293 0.747475 1.05051 2 0 1.61616 1.63636 1.33333 0.666667
0.969697;
FX rev1 time 2.61068 16 2.65048 0.658879 5.82116 1.20681 1.28211 2.65048
1.06924 0.338601 0.517216 12.7848 1.36209 0.679944 5.47931 4.56957
5.82116 0.3;
FX rev1 vol 0.524841 16 0.515294 1 0.970588 1 0.970588 0 1 1 1 1 0
0.764706 1 1 0.764706 1;
FX ortho1 mode 0 16 0 0 0 0 0 0 0 0 0 0 0 0 0 0 0 0;
FX ortho1 db 26.9535 16 27.3737 6.36364 -23.7596 15.5556 19.4949 17.0657
30 30 15.5556 30 -11.8232 -11.8232 -40.9091 -0.20202 -14.6465 -14.6465
;
FX ortho1 q 17.2859 16 17.1993 21.5062 3.18799 5.91631 34.3081 11.8015
0.544606 0.544606 5.55634 5.91631 13.3802 13.3802 13.3802 13.3802 21.5062
21.5062;
FX ortho1 f 45.2487 16 43.7869 118.123 85.76 64.0222 77.6117 75.798
116.404 69.0303 94.7475 46.0202 75.798 75.798 75.798 75.798 45.0321
45.0321;
FX disto1 disto 0.156566 16 0.156263 0.171717 0.17798 0.20202 0.272727
0.181818 0.171717 0.171717 0.141414 0.181818 0.20202 0.20202 0.20202
0.252525 0.171717 0.171717;
FX disto1 vol 1 16 1 1 0.726162 0.565657 0.393939 1 1 1 1 1 1 1 1 0.737374
1 1;
FX env2f 0.0125253 16 0 0.636364 0.030303 0 0.0707071 0.424242 0.252525
0.191919 0.191919 0.636364 0 0.282828 0.868687 0 0 0;
FX f 0.472525 16 0.474747 0.363636 0.483434 0.40404 0.464646 0.50505
0.30303 0.454545 0.454545 0.535354 0.555556 0.434343 0.525253 0.393939
0.373737 0.373737;
FX r 1 16 1 1 0 0.252525 0.292929 0.777778 0.454545 0.454545 0.454545
0 0 0 0 0 1 1;
FX a 0.00222222 16 0 0.111111 0 0.010101 0.010101 0 0 0 0 0 0 0 0 0
0.111111 0.111111;
FX volnoise 0.271515 16 0.272727 0.212121 0.125758 0.191919 0.0707071
0.040404 0.0707071 0 0.030303 0.262626 0 0.0808081 0 0.0707071 0.212121
0.0909091;
FX cheb1 coef4 0 16 0 0 0 0.737374 0.878788 0 0.787879 1 1 0 0.757576
0.757576 0.757576 0.636364 1 1;
FX cheb1 coef3 0 16 0 0 0.858586 0.30303 0.30303 0 0.545455 0 0 0.474747
0 0 0.181818 0.050505 0 0;
FX cheb1 coef2 0.840606 16 0.838384 0.949495 0.565253 0.575758 0 1
1 0 0 0.353535 0.353535 0.919192 0.747475 1 1 1;
FX cheb1 coef1 0.980303 16 1 0 0 1 0.787879 0 0 0 0 0 0 0 0.323232
0.191919 0 0;
FX cheb1 vol 1 16 1 1 1 0.929293 0.393939 1 1 1 1 1 1 1 1 1 1 1;
