FX-patternMAX 4 0;
FX vol 1 16 1 1 1 1 1 1 0 0 0 0 0 0 0 0 0 0;
FX palinmesure 0 16 0 1 2 3 4 0 0 0 0 0 0 0 0 0 0 0;
FX constance 0 16 0 0 0 0 27 0 0 0 0 0 0 0 0 0 0 0;
FX pitch 0 16 0 0 13 0 0 0 0 0 0 0 0 0 0 0 0 0;
FX fragdenum 0 16 0 1 2 3 2 0 0 0 0 0 0 0 0 0 0 0;
FX timemode 1 16 1 1 2 0 2 0 0 0 0 0 0 0 0 0 0 0;
FX smooth 5.34883 16 5.34883 3.45445 0 0 0 0 0 0 0 0 0 0 0 0 0 0;
FX mode 0 16 0 1 2 3 4 0 0 0 0 0 0 0 0 0 0 0;
FX amorti 0 16 0 0 0 0 0 0 0 0 0 0 0 0 0 0 0 0;
FX denum 1 16 1 3 2 1 4 0 0 0 0 0 0 0 0 0 0 0;
FX ortho1 mode 0 16 0 0 0 0 0 0 0 0 0 0 0 0 0 0 0 0;
FX ortho1 db -21.2121 16 -21.2121 -21.2121 27.3737 27.3737 -0.00505051
-0.00505051 0 0 0 0 0 0 0 0 0 0;
FX ortho1 q 9.18094 16 9.18094 9.18094 9.18094 9.18094 0.1 0.1 0 0
0 0 0 0 0 0 0 0;
FX ortho1 f 23.0101 16 23.0101 23.0101 75.798 75.798 0 0 0 0 0 0 0
0 0 0 0 0;
FX VolAdj 0.79798 16 0.79798 0.79798 0.79798 0.79798 0 0 0 0 0 0 0
0 0 0 0 0;
FX Mul1 0.30303 16 0.30303 0.30303 0.30303 0.30303 0 0 0 0 0 0 0 0
0 0 0 0;
