FX-patternMAX 3 0;
FX Vol 0 16 0 0 0 0 0 0 0 0 0 0 0 0 0 0 0 0;
FX palinmesure 1 16 0 1 2 3 4 0 0 0 0 0 0 0 0 0 0 0;
FX constance 0 16 0 0 0 0 27 0 0 0 0 0 0 0 0 0 0 0;
FX pitch 0 16 0 0 13 0 0 0 0 0 0 0 0 0 0 0 0 0;
FX fragdenum 1 16 0 1 2 3 2 0 0 0 0 0 0 0 0 0 0 0;
FX timemode 1 16 1 1 2 0 2 0 0 0 0 0 0 0 0 0 0 0;
FX smooth 3.45445 16 5.34883 3.45445 0 0 0 0 0 0 0 0 0 0 0 0 0 0;
FX mode 1 16 0 1 2 3 4 0 0 0 0 0 0 0 0 0 0 0;
FX amorti 0 16 0 0 0 0 0 0 0 0 0 0 0 0 0 0 0 0;
FX denum 3 16 1 3 2 1 4 0 0 0 0 0 0 0 0 0 0 0;
FX ortho1 mode 0 16 0 0 0 0 0 0 0 0 0 0 0 0 0 0 0 0;
FX ortho1 mode 0 16 0 0 0 0 0 0 0 0 0 0 0 0 0 0 0 0;
FX ortho1 db -21.2121 16 -21.2121 -21.2121 27.3737 27.3737 0 0 0 0
0 0 0 0 0 0 0 0;
FX ortho1 db -21.2121 16 -21.2121 -21.2121 27.3737 27.3737 0 0 0 0
0 0 0 0 0 0 0 0;
FX ortho1 q 9.18094 16 9.18094 9.18094 9.18094 9.18094 0 0 0 0 0 0
0 0 0 0 0 0;
FX ortho1 q 9.18094 16 9.18094 9.18094 9.18094 9.18094 0 0 0 0 0 0
0 0 0 0 0 0;
FX ortho1 f 75.798 16 23.0101 75.798 75.798 115.051 0 0 0 0 0 0 0 0
0 0 0 0;
FX ortho1 f 75.798 16 23.0101 75.798 75.798 115.051 0 0 0 0 0 0 0 0
0 0 0 0;
FX ortho1 mode 0 16 0 0 0 0 0 0 0 0 0 0 0 0 0 0 0 0;
FX ortho1 mode 0 16 0 0 0 0 0 0 0 0 0 0 0 0 0 0 0 0;
FX ortho1 db -21.2121 16 -21.2121 -21.2121 27.3737 27.3737 0 0 0 0
0 0 0 0 0 0 0 0;
FX ortho1 db -21.2121 16 -21.2121 -21.2121 27.3737 27.3737 0 0 0 0
0 0 0 0 0 0 0 0;
FX ortho1 q 9.18094 16 9.18094 9.18094 9.18094 9.18094 0 0 0 0 0 0
0 0 0 0 0 0;
FX ortho1 q 9.18094 16 9.18094 9.18094 9.18094 9.18094 0 0 0 0 0 0
0 0 0 0 0 0;
FX ortho1 f 75.798 16 23.0101 75.798 75.798 115.051 0 0 0 0 0 0 0 0
0 0 0 0;
FX ortho1 f 75.798 16 23.0101 75.798 75.798 115.051 0 0 0 0 0 0 0 0
0 0 0 0;
FX VolAdj 0.79798 16 0.79798 0.79798 0.79798 0.79798 0 0 0 0 0 0 0
0 0 0 0 0;
FX Mul1 0.30303 16 0.30303 0.30303 0.30303 0.30303 0 0 0 0 0 0 0 0
0 0 0 0;
FX ortho1 mode 0 16 0 0 0 0 0 0 0 0 0 0 0 0 0 0 0 0;
FX ortho1 mode 0 16 0 0 0 0 0 0 0 0 0 0 0 0 0 0 0 0;
FX ortho1 db -21.2121 16 -21.2121 -21.2121 27.3737 27.3737 0 0 0 0
0 0 0 0 0 0 0 0;
FX ortho1 db -21.2121 16 -21.2121 -21.2121 27.3737 27.3737 0 0 0 0
0 0 0 0 0 0 0 0;
FX ortho1 q 9.18094 16 9.18094 9.18094 9.18094 9.18094 0 0 0 0 0 0
0 0 0 0 0 0;
FX ortho1 q 9.18094 16 9.18094 9.18094 9.18094 9.18094 0 0 0 0 0 0
0 0 0 0 0 0;
FX ortho1 f 75.798 16 23.0101 75.798 75.798 115.051 0 0 0 0 0 0 0 0
0 0 0 0;
FX ortho1 f 75.798 16 23.0101 75.798 75.798 115.051 0 0 0 0 0 0 0 0
0 0 0 0;
FX ortho1 mode 0 16 0 0 0 0 0 0 0 0 0 0 0 0 0 0 0 0;
FX ortho1 mode 0 16 0 0 0 0 0 0 0 0 0 0 0 0 0 0 0 0;
FX ortho1 db -21.2121 16 -21.2121 -21.2121 27.3737 27.3737 0 0 0 0
0 0 0 0 0 0 0 0;
FX ortho1 db -21.2121 16 -21.2121 -21.2121 27.3737 27.3737 0 0 0 0
0 0 0 0 0 0 0 0;
FX ortho1 q 9.18094 16 9.18094 9.18094 9.18094 9.18094 0 0 0 0 0 0
0 0 0 0 0 0;
FX ortho1 q 9.18094 16 9.18094 9.18094 9.18094 9.18094 0 0 0 0 0 0
0 0 0 0 0 0;
FX ortho1 f 75.798 16 23.0101 75.798 75.798 115.051 0 0 0 0 0 0 0 0
0 0 0 0;
FX ortho1 f 75.798 16 23.0101 75.798 75.798 115.051 0 0 0 0 0 0 0 0
0 0 0 0;
FX VolAdj 0.79798 16 0.79798 0.79798 0.79798 0.79798 0 0 0 0 0 0 0
0 0 0 0 0;
FX Mul1 0.30303 16 0.30303 0.30303 0.30303 0.30303 0 0 0 0 0 0 0 0
0 0 0 0;
